Start Time:  04-08-2025 14:10:36          Time Completed:  04-08-2025 15:00:46      Elapsed Time:  00:50:09
Sample ID:     

Experiment:    C:\IDEASVSM\LS_QC\Experiments\MvsH_1\MvsH_1.exp
Data File:     C:\IDEASVSM\LS_QC\C4.txt
Plot File:     C:\IDEASVSM\LS_QC\C4.oc2
VSM Exp File:  C:\IDEASVSM\LS_QC\Experiments\MvsH_1\MvsH_1.stp
VSM Data File: C:\IDEASVSM\LS_QC\C4.dat

***DATA***

Field(G)	 Moment(emu)	
 19000 	 0.0117808 	
 18000 	 0.0118224 	
 17000 	 0.0118472 	
 16000 	 0.0118628 	
 15000 	 0.0118638 	
 14000 	 0.0118595 	
 13000 	 0.0118528 	
 12000 	 0.0118466 	
 11000 	 0.0118383 	
 10000 	 0.0118208 	
 9000 	 0.011799 	
 8000.01 	 0.0117715 	
 7000.01 	 0.0117347 	
 6000 	 0.0116803 	
 4999.98 	 0.0116059 	
 4000.01 	 0.0114631 	
 3000.09 	 0.0112242 	
 1999.99 	 0.0107803 	
 999.991 	 0.00957039 	
 949.992 	 0.00942381 	
 900.002 	 0.0092775 	
 850.009 	 0.00912346 	
 799.994 	 0.00895463 	
 749.999 	 0.00876921 	
 699.985 	 0.00855921 	
 649.997 	 0.00832278 	
 600.002 	 0.00805384 	
 549.985 	 0.00774755 	
 499.999 	 0.00739655 	
 450 	 0.00699432 	
 400.001 	 0.00652905 	
 349.994 	 0.00598705 	
 299.996 	 0.00538138 	
 249.991 	 0.00468982 	
 199.997 	 0.00387473 	
 190.002 	 0.00370943 	
 180.007 	 0.00353879 	
 170.003 	 0.00331987 	
 159.991 	 0.00317586 	
 149.999 	 0.00301785 	
 140.004 	 0.00285358 	
 130.009 	 0.00268918 	
 120.002 	 0.00252573 	
 109.994 	 0.0023633 	
 99.9935 	 0.002205 	
 89.9934 	 0.00205178 	
 79.9959 	 0.00190327 	
 70.008 	 0.0017617 	
 60.0038 	 0.00162521 	
 49.9903 	 0.00149361 	
 40.0049 	 0.00136645 	
 29.9883 	 0.00124175 	
 19.9985 	 0.00111276 	
 17.9988 	 0.0010734 	
 16.0004 	 0.00103762 	
 13.9994 	 0.0010018 	
 12.0035 	 0.000964006 	
 9.98632 	 0.000920428 	
 7.99128 	 0.000867916 	
 5.99422 	 0.000796839 	
 4.00508 	 0.000693693 	
 1.99849 	 0.000517652 	
-0.00798475 	 0.0000853605 	
-2.00358 	-0.000441131 	
-4.00787 	-0.000635145 	
-5.99879 	-0.000736617 	
-8.01271 	-0.000804224 	
-10.0022 	-0.000853106 	
-11.992 	-0.000891411 	
-13.9939 	-0.000922638 	
-16.0024 	-0.00095012 	
-18.0096 	-0.000973907 	
-20.0002 	-0.000996154 	
-30.0057 	-0.00108945 	
-40.005 	-0.00117463 	
-49.9933 	-0.00125811 	
-60.0033 	-0.00134293 	
-70.0056 	-0.00142888 	
-80.012 	-0.00151786 	
-90.0019 	-0.00160935 	
-100.015 	-0.00170678 	
-110.004 	-0.00180829 	
-119.999 	-0.00191592 	
-130.003 	-0.00202828 	
-139.996 	-0.00214775 	
-149.991 	-0.00227283 	
-160.003 	-0.00240512 	
-169.999 	-0.00254248 	
-180.007 	-0.00268665 	
-189.994 	-0.002835 	
-199.999 	-0.0029878 	
-250.006 	-0.00381661 	
-299.998 	-0.00455565 	
-350.003 	-0.00531778 	
-400.008 	-0.00592485 	
-450.005 	-0.00648434 	
-500.005 	-0.00696792 	
-549.993 	-0.00738142 	
-599.999 	-0.0077371 	
-649.998 	-0.0080376 	
-699.995 	-0.0083324 	
-749.998 	-0.008544 	
-799.996 	-0.00873597 	
-850.001 	-0.0089088 	
-899.995 	-0.00906249 	
-949.996 	-0.0092003 	
-1000 	-0.0093222 	
-2000 	-0.010519 	
-3000.02 	-0.0109637 	
-4000.03 	-0.0111996 	
-5000 	-0.0113426 	
-6000 	-0.0114174 	
-7000.01 	-0.0114743 	
-8000 	-0.0115114 	
-9000 	-0.0115442 	
-9999.98 	-0.011568 	
-11000 	-0.0116208 	
-12000 	-0.0116205 	
-13000 	-0.0116263 	
-14000 	-0.0116357 	
-15000 	-0.0116666 	
-16000 	-0.0117028 	
-17000 	-0.0117326 	
-18000 	-0.011761 	
-19000 	-0.0117655 	
-18000 	-0.0118078 	
-17000 	-0.01183 	
-16000 	-0.011841 	
-15000 	-0.0118389 	
-14000 	-0.0118348 	
-13000 	-0.0118283 	
-12000 	-0.0118222 	
-11000 	-0.0118121 	
-9999.97 	-0.0117962 	
-9000 	-0.0117796 	
-8000.01 	-0.0117509 	
-6999.99 	-0.0117077 	
-6000 	-0.011652 	
-4999.98 	-0.0115856 	
-3999.99 	-0.0114453 	
-3000.02 	-0.0112148 	
-1999.99 	-0.0107743 	
-999.988 	-0.00957067 	
-949.996 	-0.0094249 	
-899.992 	-0.00927443 	
-850.005 	-0.00911492 	
-800.01 	-0.0089463 	
-750 	-0.00876018 	
-700.003 	-0.00855507 	
-649.987 	-0.00832043 	
-599.996 	-0.00805337 	
-550 	-0.00774808 	
-499.998 	-0.00740118 	
-450.008 	-0.0069976 	
-399.998 	-0.00653623 	
-350.004 	-0.00600399 	
-299.997 	-0.00539927 	
-250.003 	-0.00471147 	
-199.997 	-0.00390279 	
-190.009 	-0.00373638 	
-179.997 	-0.00356687 	
-170.004 	-0.00339732 	
-160.002 	-0.0032277 	
-150.007 	-0.0030575 	
-140.009 	-0.00288789 	
-129.997 	-0.00272007 	
-120 	-0.00255486 	
-109.999 	-0.00239196 	
-99.9913 	-0.00223192 	
-89.9964 	-0.00207729 	
-79.9859 	-0.00192821 	
-69.9978 	-0.00178487 	
-59.9959 	-0.00164702 	
-49.9942 	-0.00151385 	
-40.0026 	-0.00138653 	
-29.9963 	-0.00126097 	
-19.9988 	-0.00113106 	
-17.9963 	-0.00109077 	
-15.9974 	-0.00105467 	
-13.9935 	-0.00101876 	
-11.9926 	-0.000979974 	
-10.0031 	-0.000935885 	
-7.99962 	-0.000881897 	
-6.00179 	-0.000808979 	
-3.99943 	-0.000699636 	
-2.0091 	-0.000514016 	
-0.000622264 	-0.0000517226 	
 2.00587 	 0.000455202 	
 3.99637 	 0.00064156 	
 6.00199 	 0.000741895 	
 7.99555 	 0.000808448 	
 9.99037 	 0.000856517 	
 12.0055 	 0.000894488 	
 14.0136 	 0.000924888 	
 16.0044 	 0.000952066 	
 17.9979 	 0.000975966 	
 20.0072 	 0.000998593 	
 29.9933 	 0.00109369 	
 39.9998 	 0.00118035 	
 50.002 	 0.00126516 	
 59.9917 	 0.00135066 	
 70.0076 	 0.00143735 	
 79.9989 	 0.00152765 	
 90.0057 	 0.00162139 	
 100.001 	 0.00171939 	
 110.001 	 0.00182299 	
 119.99 	 0.001931 	
 129.999 	 0.00204605 	
 139.992 	 0.00216618 	
 150.001 	 0.00229357 	
 160.014 	 0.00242635 	
 169.997 	 0.00256597 	
 179.997 	 0.00270978 	
 189.995 	 0.00285987 	
 200.002 	 0.00301338 	
 249.994 	 0.00378929 	
 300 	 0.00455908 	
 350.005 	 0.00531436 	
 400.004 	 0.00592896 	
 450.004 	 0.00648485 	
 499.995 	 0.00696271 	
 549.999 	 0.00737283 	
 599.993 	 0.00772551 	
 649.998 	 0.00802187 	
 699.996 	 0.00827789 	
 750.009 	 0.00850145 	
 799.999 	 0.00869744 	
 850 	 0.00886948 	
 900.006 	 0.00902358 	
 949.995 	 0.00916386 	
 1000.01 	 0.00929044 	
 2000.01 	 0.0104807 	
 3000 	 0.0109348 	
 4000 	 0.0111677 	
 5000.02 	 0.0113146 	
 6000.02 	 0.0113933 	
 6999.99 	 0.0115056 	
 8000.01 	 0.0115287 	
 8999.95 	 0.0115516 	
 10000 	 0.0115734 	
 11000 	 0.0115864 	
 12000 	 0.0115951 	
 13000 	 0.0116036 	
 13999.9 	 0.0116252 	
 15000 	 0.0116554 	
 15999.8 	 0.0116928 	
 16999.6 	 0.0117347 	
 18000 	 0.0117546 	
 19001 	 0.0117693 	

	
	
