script internal name (ver:210707): multilognorlanglmfit
data-filename:C1
this-filename:fits/C1.fit.02
[[Definition parameters]]
ndist: 1
weight: sep
[[status]]
Fit succeeded.
[[Fit Statistics]]
    # fitting method   = leastsq
    # function evals   = 341
    # data points      = 125
    # variables        = 5
    chi-square         = 5942338.93
    reduced chi-square = 49519.4911
    Akaike info crit   = 1356.16245
    Bayesian info crit = 1370.30402
[[Variables]]
    N0:    3.0372e+17 +/- 8.9546e+15 (2.95%) (init = 1.202639e+18)
    mu0:   10.1304189 +/- 0.08366822 (0.83%) (init = 7.65)
    sig0:  0.37474534 +/- 0.17505522 (46.71%) (init = 1.596)
    C:    -1.0759e-04 +/- 1.0511e-05 (9.77%) (init = -0.0004910724)
    T:     300 (fixed)
    dc:   -0.01151811 +/- 0.03676716 (319.21%) (init = 0.07341806)
[[Correlations]] (unreported correlations are < 0.100)
    C(mu0, sig0) = -0.9600
    C(N0, C)     = -0.7474
    C(N0, mu0)   = -0.7451
    C(N0, sig0)  = +0.5288
    C(mu0, C)    = +0.5085
    C(sig0, C)   = -0.3431
[[Derived Parameters]]
    mean-mu      = 26920+/-2862 mb
    stddev       = 10453+/-5984 mb
    <mu>_mu      = 30979+/-6625 mb
    sum squares  = 2.631107e+03
    m_s          = (7.5826+/-0.8366)e+01 (units)
[[data]]
-1.900000e+04 -7.417421e+01 1.000000e-03 -7.313120e+01 
-1.800000e+04 -7.358209e+01 1.000000e-03 -7.320201e+01 
-1.700000e+04 -7.310118e+01 1.000000e-03 -7.326849e+01 
-1.600000e+04 -7.304803e+01 1.000000e-03 -7.332982e+01 
-1.500000e+04 -7.297982e+01 1.000000e-03 -7.338500e+01 
-1.400000e+04 -7.295965e+01 1.000000e-03 -7.343268e+01 
-1.300000e+04 -7.289537e+01 1.000000e-03 -7.347115e+01 
-1.200000e+04 -7.295591e+01 1.000000e-03 -7.349810e+01 
-1.100000e+04 -7.343228e+01 9.999975e-04 -7.351039e+01 
-9.999995e+03 -7.322904e+01 1.000003e-03 -7.350362e+01 
-9.000005e+03 -7.329587e+01 1.000000e-03 -7.347143e+01 
-7.999995e+03 -7.318091e+01 1.000005e-03 -7.340430e+01 
-7.000015e+03 -7.335601e+01 1.000000e-03 -7.328726e+01 
-5.999995e+03 -7.362628e+01 9.999925e-04 -7.309534e+01 
-5.000000e+03 -7.331210e+01 1.000003e-03 -7.278361e+01 
-4.000000e+03 -7.277224e+01 9.999625e-04 -7.226223e+01 
-2.999925e+03 -7.155230e+01 1.000003e-03 -7.132144e+01 
-2.000005e+03 -6.939162e+01 1.000034e-03 -6.933282e+01 
-9.999930e+02 -6.270305e+01 1.904765e-03 -6.318516e+01 
-9.500065e+02 -6.203512e+01 2.000150e-02 -6.254076e+01 
-9.000005e+02 -6.127077e+01 1.999860e-02 -6.182723e+01 
-8.499995e+02 -6.042686e+01 1.999380e-02 -6.103391e+01 
-7.999695e+02 -5.947937e+01 1.999960e-02 -6.014693e+01 
-7.499975e+02 -5.843433e+01 2.000720e-02 -5.915182e+01 
-7.000055e+02 -5.723441e+01 2.000090e-02 -5.802748e+01 
-6.500020e+02 -5.586978e+01 1.999940e-02 -5.674980e+01 
-6.000025e+02 -5.436342e+01 1.999980e-02 -5.528928e+01 
-5.500010e+02 -5.262379e+01 2.000050e-02 -5.360876e+01 
-5.000050e+02 -5.063231e+01 1.999960e-02 -5.166257e+01 
-4.499990e+02 -4.832579e+01 1.999830e-02 -4.939295e+01 
-3.999965e+02 -4.572948e+01 1.999910e-02 -4.672982e+01 
-3.499945e+02 -4.277406e+01 2.000190e-02 -4.358649e+01 
-3.000060e+02 -3.940967e+01 2.000170e-02 -3.986017e+01 
-2.500030e+02 -3.574348e+01 1.999950e-02 -3.542908e+01 
-2.000035e+02 -3.184811e+01 3.333222e-02 -3.016729e+01 
-1.900010e+02 -3.098741e+01 9.999500e-02 -2.900433e+01 
-1.800025e+02 -3.013100e+01 1.000000e-01 -2.780319e+01 
-1.700010e+02 -2.930116e+01 9.996751e-02 -2.656242e+01 
-1.599960e+02 -2.845799e+01 9.999250e-02 -2.528145e+01 
-1.499995e+02 -2.762365e+01 1.000050e-01 -2.396152e+01 
-1.399970e+02 -2.678997e+01 1.000225e-01 -2.260063e+01 
-1.300040e+02 -2.590596e+01 1.000150e-01 -2.120100e+01 
-1.200000e+02 -2.504470e+01 1.000150e-01 -1.976013e+01 
-1.100070e+02 -2.400647e+01 9.996102e-02 -1.828184e+01 
-9.999220e+01 -2.314013e+01 9.996027e-02 -1.676221e+01 
-8.999905e+01 -2.218489e+01 1.000660e-01 -1.520921e+01 
-8.000540e+01 -2.124072e+01 9.999850e-02 -1.362126e+01 
-6.999875e+01 -2.014734e+01 9.998625e-02 -1.199852e+01 
-6.000265e+01 -1.911395e+01 1.000098e-01 -1.034745e+01 
-5.000070e+01 -1.799595e+01 1.000043e-01 -8.668489e+00 
-4.000350e+01 -1.686194e+01 1.000098e-01 -6.967007e+00 
-3.000265e+01 -1.575766e+01 9.996376e-02 -5.245614e+00 
-1.999625e+01 -1.333325e+01 1.666049e-01 -3.508394e+00 
-1.799820e+01 -1.250435e+01 5.003127e-01 -3.160143e+00 
-1.599875e+01 -1.172595e+01 5.002063e-01 -2.811282e+00 
-1.399985e+01 -1.095767e+01 4.994257e-01 -2.462193e+00 
-1.199415e+01 -1.013847e+01 4.994618e-01 -2.111628e+00 
-9.995540e+00 -7.965297e+00 5.012236e-01 -1.762058e+00 
-8.003915e+00 -7.017577e+00 5.002370e-01 -1.413506e+00 
-5.997435e+00 -5.608832e+00 4.995566e-01 -1.062190e+00 
-4.000365e+00 -4.898199e+00 5.006346e-01 -7.123977e-01 
-2.002505e+00 -2.669900e+00 4.999924e-01 -3.623854e-01 
-3.042800e-04 -4.276043e-02 5.000119e-01 -1.157142e-02 
1.997400e+00 2.698803e+00 4.993703e-01 3.384548e-01 
4.004740e+00 4.755907e+00 4.992947e-01 6.901279e-01 
6.003050e+00 6.042377e+00 5.013744e-01 1.040137e+00 
7.993775e+00 7.020301e+00 5.005569e-01 1.388695e+00 
9.998600e+00 8.171163e+00 4.994974e-01 1.739557e+00 
1.199780e+01 1.058704e+01 5.002564e-01 2.089230e+00 
1.399655e+01 1.103545e+01 4.998126e-01 2.438580e+00 
1.599930e+01 1.165387e+01 4.993633e-01 2.788342e+00 
1.800165e+01 1.283175e+01 4.996690e-01 3.137708e+00 
2.000195e+01 1.369766e+01 1.666847e-01 3.486351e+00 
3.000035e+01 1.627372e+01 1.000388e-01 5.222180e+00 
3.999420e+01 1.732832e+01 1.000055e-01 6.942378e+00 
4.999925e+01 1.851801e+01 9.996626e-02 8.645207e+00 
6.000095e+01 1.968252e+01 1.000153e-01 1.032413e+01 
6.999620e+01 2.071960e+01 1.000140e-01 1.197507e+01 
7.999815e+01 2.175115e+01 9.999075e-02 1.359706e+01 
8.999805e+01 2.264955e+01 1.000025e-01 1.518601e+01 
9.999765e+01 2.351505e+01 9.998775e-02 1.674001e+01 
1.100005e+02 2.438203e+01 9.996576e-02 1.825783e+01 
1.200045e+02 2.526656e+01 9.996002e-02 1.973775e+01 
1.300085e+02 2.614738e+01 1.000050e-01 2.117861e+01 
1.400035e+02 2.701002e+01 1.000625e-01 2.257849e+01 
1.499960e+02 2.784901e+01 1.000275e-01 2.393802e+01 
1.599980e+02 2.867982e+01 9.995752e-02 2.525867e+01 
1.700045e+02 2.950531e+01 9.999000e-02 2.653982e+01 
1.800000e+02 3.032775e+01 1.000125e-01 2.777984e+01 
1.900020e+02 3.118001e+01 9.998750e-02 2.898141e+01 
2.000025e+02 3.205884e+01 3.333556e-02 3.014414e+01 
2.499980e+02 3.596901e+01 2.000050e-02 3.540556e+01 
3.000000e+02 3.965778e+01 1.999770e-02 3.983665e+01 
3.500095e+02 4.296887e+01 1.999940e-02 4.356447e+01 
4.000030e+02 4.595002e+01 2.000150e-02 4.670715e+01 
4.500020e+02 4.853947e+01 2.000100e-02 4.937006e+01 
4.999980e+02 5.078793e+01 2.000010e-02 5.163924e+01 
5.500015e+02 5.272822e+01 2.000070e-02 5.358574e+01 
5.999945e+02 5.445088e+01 1.999910e-02 5.526599e+01 
6.500060e+02 5.595986e+01 2.000020e-02 5.672687e+01 
6.999935e+02 5.730185e+01 2.000170e-02 5.800416e+01 
7.499975e+02 5.847507e+01 1.999950e-02 5.912878e+01 
7.999960e+02 5.951732e+01 2.000000e-02 6.012439e+01 
8.499975e+02 6.043848e+01 1.999890e-02 6.101084e+01 
9.000015e+02 6.125265e+01 1.999840e-02 6.180421e+01 
9.500055e+02 6.202213e+01 2.000100e-02 6.251771e+01 
9.999965e+02 6.270078e+01 1.904790e-03 6.316217e+01 
1.999990e+03 6.918492e+01 9.999683e-04 6.930974e+01 
3.000060e+03 7.142291e+01 9.999875e-04 7.129858e+01 
4.000015e+03 7.252411e+01 1.000018e-03 7.223920e+01 
5.000025e+03 7.304931e+01 1.000013e-03 7.276058e+01 
5.999990e+03 7.336741e+01 9.999975e-04 7.307230e+01 
7.000030e+03 7.318258e+01 1.000005e-03 7.326423e+01 
7.999980e+03 7.328563e+01 1.000008e-03 7.338127e+01 
9.000015e+03 7.324222e+01 9.999925e-04 7.344840e+01 
9.999995e+03 7.319537e+01 1.000008e-03 7.348058e+01 
1.100000e+04 7.324114e+01 9.999975e-04 7.348735e+01 
1.200000e+04 7.329429e+01 1.000000e-03 7.347506e+01 
1.300000e+04 7.303258e+01 1.000000e-03 7.344811e+01 
1.400000e+04 7.316614e+01 1.000000e-03 7.340965e+01 
1.500000e+04 7.315384e+01 1.000000e-03 7.336196e+01 
1.600000e+04 7.304872e+01 1.000000e-03 7.330679e+01 
1.700000e+04 7.326427e+01 1.000000e-03 7.324545e+01 
1.800000e+04 7.355482e+01 1.000000e-03 7.317897e+01 
1.900000e+04 7.420856e+01 1.000000e-03 7.310817e+01 
