script internal name (ver:210707): multilognorlanglmfit
data-filename:C2
this-filename:fits/C2.fit.04
[[Definition parameters]]
ndist: 1
weight: sep
[[status]]
Fit succeeded.
[[Fit Statistics]]
    # fitting method   = leastsq
    # function evals   = 150
    # data points      = 125
    # variables        = 5
    chi-square         = 541125.355
    reduced chi-square = 4509.37796
    Akaike info crit   = 1056.63656
    Bayesian info crit = 1070.77813
[[Variables]]
    N0:    4.0853e+17 +/- 1.0128e+16 (2.48%) (init = 1.027458e+18)
    mu0:   9.17704670 +/- 0.06146119 (0.67%) (init = 7.65)
    sig0:  1.11628943 +/- 0.03499372 (3.13%) (init = 1.596)
    C:    -1.0035e-04 +/- 5.0065e-06 (4.99%) (init = -0.0001959824)
    T:     300 (fixed)
    dc:    0.08470822 +/- 0.01109508 (13.10%) (init = 0.1011592)
[[Correlations]] (unreported correlations are < 0.100)
    C(mu0, sig0) = -0.9901
    C(N0, mu0)   = -0.9697
    C(N0, sig0)  = +0.9258
    C(N0, C)     = -0.8725
    C(mu0, C)    = +0.7835
    C(sig0, C)   = -0.7144
[[Derived Parameters]]
    mean-mu      = 18036+/-1313 mb
    stddev       = 28384+/-3185 mb
    <mu>_mu      = 62705+/-8298 mb
    sum squares  = 1.260730e+03
    m_s          = (6.8332+/-0.5257)e+01 (units)
[[data]]
-1.900000e+04 -6.538378e+01 1.000000e-03 -6.545062e+01 
-1.800000e+04 -6.549523e+01 1.000000e-03 -6.550167e+01 
-1.700000e+04 -6.550200e+01 1.000000e-03 -6.554696e+01 
-1.600000e+04 -6.561498e+01 1.000000e-03 -6.558540e+01 
-1.500000e+04 -6.558712e+01 1.000000e-03 -6.561563e+01 
-1.400000e+04 -6.572777e+01 1.000000e-03 -6.563593e+01 
-1.300000e+04 -6.575763e+01 1.000000e-03 -6.564401e+01 
-1.200000e+04 -6.570410e+01 1.000000e-03 -6.563687e+01 
-1.100000e+04 -6.569485e+01 1.000000e-03 -6.561041e+01 
-1.000000e+04 -6.564055e+01 1.000000e-03 -6.555894e+01 
-9.000000e+03 -6.550124e+01 1.000005e-03 -6.547430e+01 
-8.000010e+03 -6.532128e+01 1.000000e-03 -6.534436e+01 
-7.000000e+03 -6.509456e+01 1.000000e-03 -6.515028e+01 
-6.000010e+03 -6.477204e+01 1.000003e-03 -6.486123e+01 
-5.000005e+03 -6.441651e+01 1.000008e-03 -6.442292e+01 
-4.000025e+03 -6.366307e+01 9.999375e-04 -6.373053e+01 
-2.999880e+03 -6.240051e+01 9.999875e-04 -6.255192e+01 
-2.000000e+03 -6.020332e+01 1.000060e-03 -6.025479e+01 
-1.000000e+03 -5.467908e+01 1.904760e-03 -5.427754e+01 
-9.499990e+02 -5.418425e+01 1.999970e-02 -5.372445e+01 
-8.999990e+02 -5.360248e+01 2.000140e-02 -5.312493e+01 
-8.500060e+02 -5.297452e+01 2.000130e-02 -5.247294e+01 
-8.000055e+02 -5.226393e+01 1.999860e-02 -5.176104e+01 
-7.499990e+02 -5.148426e+01 1.999870e-02 -5.098053e+01 
-6.999990e+02 -5.061135e+01 1.999920e-02 -5.012112e+01 
-6.499950e+02 -4.961260e+01 1.999960e-02 -4.916983e+01 
-5.999970e+02 -4.848101e+01 2.000030e-02 -4.811105e+01 
-5.499965e+02 -4.721393e+01 2.000020e-02 -4.692483e+01 
-4.999980e+02 -4.569856e+01 2.000180e-02 -4.558620e+01 
-4.500055e+02 -4.393796e+01 1.999910e-02 -4.406288e+01 
-3.999935e+02 -4.180157e+01 1.999530e-02 -4.231128e+01 
-3.499820e+02 -3.921311e+01 2.000160e-02 -4.027424e+01 
-3.000015e+02 -3.603414e+01 2.000440e-02 -3.787315e+01 
-2.500040e+02 -3.221045e+01 1.999980e-02 -3.499036e+01 
-2.000005e+02 -2.699995e+01 3.333306e-02 -3.145195e+01 
-1.900035e+02 -2.566997e+01 9.999000e-02 -3.064404e+01 
-1.799985e+02 -2.438731e+01 9.995502e-02 -2.979577e+01 
-1.699945e+02 -2.306929e+01 9.998500e-02 -2.890455e+01 
-1.599955e+02 -2.173801e+01 1.000225e-01 -2.796711e+01 
-1.499990e+02 -2.043374e+01 1.000175e-01 -2.697910e+01 
-1.399990e+02 -1.911329e+01 1.000275e-01 -2.593523e+01 
-1.300045e+02 -1.785278e+01 1.000200e-01 -2.483110e+01 
-1.200030e+02 -1.663371e+01 1.000050e-01 -2.365917e+01 
-1.100055e+02 -1.547013e+01 9.998400e-02 -2.241364e+01 
-9.999980e+01 -1.435536e+01 9.997875e-02 -2.108472e+01 
-9.000125e+01 -1.328809e+01 1.000223e-01 -1.966485e+01 
-8.000425e+01 -1.228724e+01 1.000078e-01 -1.814202e+01 
-7.000280e+01 -1.133434e+01 9.998250e-02 -1.650184e+01 
-6.000075e+01 -1.043601e+01 9.999275e-02 -1.472868e+01 
-5.000135e+01 -9.551601e+00 1.000035e-01 -1.280359e+01 
-4.000145e+01 -8.727579e+00 9.996002e-02 -1.070210e+01 
-2.999335e+01 -7.936387e+00 1.000115e-01 -8.393060e+00 
-2.000375e+01 -7.030638e+00 1.667514e-01 -5.847947e+00 
-1.799945e+01 -6.858782e+00 4.991203e-01 -5.304996e+00 
-1.599670e+01 -6.677056e+00 5.004817e-01 -4.750987e+00 
-1.400330e+01 -6.484016e+00 5.005506e-01 -4.187928e+00 
-1.200110e+01 -6.273225e+00 4.992673e-01 -3.610509e+00 
-9.997430e+00 -6.022289e+00 5.000363e-01 -3.020667e+00 
-8.001390e+00 -5.688788e+00 5.004992e-01 -2.421207e+00 
-6.001420e+00 -5.152483e+00 4.989049e-01 -1.809025e+00 
-3.992610e+00 -4.400467e+00 4.989111e-01 -1.183296e+00 
-1.992690e+00 -2.719925e+00 5.001960e-01 -5.511358e-01 
5.822660e-03 4.284378e-01 5.007768e-01 8.656975e-02 
2.001105e+00 3.182296e+00 5.003981e-01 7.232278e-01 
4.002640e+00 4.495468e+00 4.993209e-01 1.355861e+00 
6.006545e+00 5.289989e+00 5.010378e-01 1.980024e+00 
7.994355e+00 5.764769e+00 5.006628e-01 2.588490e+00 
1.000125e+01 6.085887e+00 4.996821e-01 3.191219e+00 
1.199690e+01 6.336888e+00 5.001250e-01 3.778702e+00 
1.400025e+01 6.546753e+00 4.994693e-01 4.356474e+00 
1.600115e+01 6.739636e+00 5.005694e-01 4.921648e+00 
1.799570e+01 6.923579e+00 5.007386e-01 5.473386e+00 
1.999525e+01 7.098980e+00 1.666382e-01 6.015084e+00 
2.999775e+01 8.046888e+00 9.998625e-02 8.563542e+00 
3.999800e+01 8.872380e+00 9.998475e-02 1.087075e+01 
5.000080e+01 9.728843e+00 9.995777e-02 1.297290e+01 
6.000645e+01 1.065823e+01 9.999925e-02 1.489915e+01 
7.000095e+01 1.158775e+01 1.000488e-01 1.667094e+01 
7.999670e+01 1.257836e+01 1.000085e-01 1.831025e+01 
8.999925e+01 1.361896e+01 9.997601e-02 1.983397e+01 
1.000015e+02 1.470201e+01 9.998625e-02 2.125437e+01 
1.100020e+02 1.582984e+01 9.998000e-02 2.258261e+01 
1.200055e+02 1.699726e+01 1.000225e-01 2.382889e+01 
1.299975e+02 1.819159e+01 1.000425e-01 2.499972e+01 
1.399970e+02 1.941479e+01 9.996251e-02 2.610443e+01 
1.500050e+02 2.064408e+01 1.000000e-01 2.714913e+01 
1.599970e+02 2.185200e+01 1.000275e-01 2.813667e+01 
1.699995e+02 2.339626e+01 9.996501e-02 2.907443e+01 
1.800040e+02 2.470189e+01 9.999000e-02 2.996566e+01 
1.900015e+02 2.600343e+01 1.000250e-01 3.081330e+01 
1.999990e+02 2.732325e+01 3.333611e-02 3.162124e+01 
2.499965e+02 3.228752e+01 2.000050e-02 3.515930e+01 
2.999965e+02 3.628779e+01 1.999890e-02 3.804231e+01 
3.500020e+02 3.946794e+01 2.000040e-02 4.044454e+01 
3.999945e+02 4.206250e+01 2.000120e-02 4.248073e+01 
4.499960e+02 4.415744e+01 1.999920e-02 4.423198e+01 
4.999985e+02 4.590916e+01 1.999810e-02 4.575563e+01 
5.500055e+02 4.740131e+01 1.999890e-02 4.709447e+01 
6.000040e+02 4.869522e+01 2.000150e-02 4.828062e+01 
6.499980e+02 4.979970e+01 2.000090e-02 4.933931e+01 
6.999995e+02 5.076774e+01 1.999940e-02 5.029055e+01 
7.500010e+02 5.165658e+01 1.999980e-02 5.114998e+01 
8.000005e+02 5.246345e+01 2.000140e-02 5.193038e+01 
8.499940e+02 5.316498e+01 2.000200e-02 5.264219e+01 
8.999905e+02 5.379905e+01 1.999780e-02 5.329424e+01 
9.500050e+02 5.436488e+01 1.999940e-02 5.389393e+01 
9.999935e+02 5.488415e+01 1.904762e-03 5.444688e+01 
2.000005e+03 6.041724e+01 9.999218e-04 6.042422e+01 
3.000150e+03 6.260452e+01 9.999975e-04 6.272176e+01 
4.000010e+03 6.382051e+01 1.000070e-03 6.389994e+01 
5.000010e+03 6.463893e+01 9.999975e-04 6.459234e+01 
6.000015e+03 6.500334e+01 1.000005e-03 6.503065e+01 
7.000000e+03 6.531822e+01 1.000003e-03 6.531970e+01 
8.000010e+03 6.550344e+01 9.999950e-04 6.551377e+01 
9.000010e+03 6.566765e+01 1.000008e-03 6.564371e+01 
9.999995e+03 6.575868e+01 1.000005e-03 6.572835e+01 
1.100000e+04 6.580181e+01 9.999975e-04 6.577982e+01 
1.200000e+04 6.589189e+01 1.000000e-03 6.580628e+01 
1.300000e+04 6.593244e+01 1.000000e-03 6.581343e+01 
1.400000e+04 6.593044e+01 1.000050e-03 6.580534e+01 
1.499990e+04 6.590181e+01 1.000000e-03 6.578505e+01 
1.600000e+04 6.574685e+01 9.999500e-04 6.575481e+01 
1.700000e+04 6.558158e+01 1.000000e-03 6.571637e+01 
1.800000e+04 6.556746e+01 1.000000e-03 6.567109e+01 
1.900000e+04 6.543244e+01 1.000000e-03 6.562004e+01 
