script internal name (ver:210707): multilognorlanglmfit
data-filename:C3
this-filename:fits/C3.fit.01
[[Definition parameters]]
ndist: 1
weight: sep
[[status]]
Fit succeeded.
[[Fit Statistics]]
    # fitting method   = leastsq
    # function evals   = 233
    # data points      = 125
    # variables        = 5
    chi-square         = 47099.1398
    reduced chi-square = 392.492832
    Akaike info crit   = 751.462035
    Bayesian info crit = 765.603604
[[Variables]]
    N0:    1.6672e+17 +/- 9.5235e+14 (0.57%) (init = 3.921155e+17)
    mu0:   9.76726577 +/- 0.01494187 (0.15%) (init = 7.65)
    sig0:  0.32291847 +/- 0.03422339 (10.60%) (init = 1.596)
    C:    -1.1116e-04 +/- 1.0002e-06 (0.90%) (init = 2.552281e-05)
    T:     300 (fixed)
    dc:    0.01219309 +/- 0.00327332 (26.85%) (init = 0.005754744)
[[Correlations]] (unreported correlations are < 0.100)
    C(mu0, sig0) = -0.9631
    C(N0, mu0)   = -0.8174
    C(N0, C)     = -0.7788
    C(N0, sig0)  = +0.6327
    C(mu0, C)    = +0.5702
    C(sig0, C)   = -0.4161
[[Derived Parameters]]
    mean-mu      = 18387.1+/-341.7 mb
    stddev       = 6095.7+/-753.2 mb
    <mu>_mu      = 20408.0+/-742.1 mb
    sum squares  = 4.625826e+02
    m_s          = (2.84288+/-0.05527)e+01 (units)
[[data]]
-1.900000e+04 -2.591621e+01 1.000000e-03 -2.594112e+01 
-1.800000e+04 -2.603135e+01 1.000000e-03 -2.603209e+01 
-1.700000e+04 -2.616309e+01 1.000000e-03 -2.612069e+01 
-1.600000e+04 -2.623213e+01 1.000000e-03 -2.620646e+01 
-1.500000e+04 -2.630195e+01 1.000000e-03 -2.628885e+01 
-1.400000e+04 -2.637441e+01 1.000000e-03 -2.636713e+01 
-1.300000e+04 -2.645312e+01 1.000000e-03 -2.644035e+01 
-1.200000e+04 -2.651387e+01 1.000000e-03 -2.650724e+01 
-1.100000e+04 -2.655498e+01 9.999975e-04 -2.656609e+01 
-9.999995e+03 -2.659473e+01 1.000000e-03 -2.661448e+01 
-9.000000e+03 -2.661611e+01 9.999950e-04 -2.664892e+01 
-7.999985e+03 -2.662930e+01 1.000000e-03 -2.666417e+01 
-7.000000e+03 -2.662842e+01 1.000008e-03 -2.665203e+01 
-6.000000e+03 -2.657451e+01 1.000008e-03 -2.659878e+01 
-5.000015e+03 -2.650879e+01 1.000005e-03 -2.647978e+01 
-4.000010e+03 -2.626015e+01 9.999900e-04 -2.624568e+01 
-2.999995e+03 -2.577577e+01 9.999925e-04 -2.578144e+01 
-1.999995e+03 -2.477519e+01 1.000002e-03 -2.474253e+01 
-9.999995e+02 -2.146426e+01 1.904767e-03 -2.147351e+01 
-9.499980e+02 -2.110605e+01 2.000030e-02 -2.113778e+01 
-9.000010e+02 -2.071230e+01 2.000020e-02 -2.076907e+01 
-8.499990e+02 -2.026826e+01 1.999940e-02 -2.036286e+01 
-7.999980e+02 -1.979292e+01 2.000140e-02 -1.991406e+01 
-7.500060e+02 -1.925970e+01 1.999970e-02 -1.941682e+01 
-6.999965e+02 -1.862706e+01 1.999830e-02 -1.886402e+01 
-6.499975e+02 -1.794837e+01 2.000030e-02 -1.824806e+01 
-5.999980e+02 -1.724629e+01 2.000060e-02 -1.755982e+01 
-5.500005e+02 -1.643471e+01 2.000100e-02 -1.678912e+01 
-5.000030e+02 -1.555116e+01 2.000030e-02 -1.592450e+01 
-4.500020e+02 -1.459065e+01 1.999980e-02 -1.495334e+01 
-4.000020e+02 -1.357101e+01 2.000070e-02 -1.386237e+01 
-3.500055e+02 -1.249080e+01 2.000020e-02 -1.263812e+01 
-3.000030e+02 -1.137529e+01 1.999860e-02 -1.126773e+01 
-2.499985e+02 -1.023577e+01 2.000100e-02 -9.741295e+00 
-2.000080e+02 -9.069875e+00 3.333250e-02 -8.054712e+00 
-1.899970e+02 -8.817881e+00 9.994253e-02 -7.697826e+00 
-1.799965e+02 -8.580210e+00 9.998500e-02 -7.335095e+00 
-1.699940e+02 -8.349691e+00 1.000200e-01 -6.966181e+00 
-1.600005e+02 -8.119661e+00 1.000025e-01 -6.591625e+00 
-1.499945e+02 -7.890209e+00 1.000000e-01 -6.210774e+00 
-1.400005e+02 -7.644341e+00 1.000450e-01 -5.824739e+00 
-1.300035e+02 -7.428582e+00 9.998000e-02 -5.433153e+00 
-1.199965e+02 -7.208777e+00 9.996501e-02 -5.035965e+00 
-1.099965e+02 -6.988750e+00 9.998200e-02 -4.634105e+00 
-9.999290e+01 -6.770578e+00 1.000193e-01 -4.227438e+00 
-9.000035e+01 -6.548050e+00 1.000465e-01 -3.816879e+00 
-8.000220e+01 -6.320145e+00 1.000185e-01 -3.402090e+00 
-7.000405e+01 -6.098698e+00 9.998975e-02 -2.983667e+00 
-6.000015e+01 -5.876143e+00 9.998875e-02 -2.561760e+00 
-5.000180e+01 -5.651704e+00 1.000095e-01 -2.137262e+00 
-4.000205e+01 -5.418518e+00 9.995802e-02 -1.710315e+00 
-2.999340e+01 -5.165507e+00 9.999125e-02 -1.281052e+00 
-2.000030e+01 -4.857340e+00 1.666847e-01 -8.509922e-01 
-1.799470e+01 -4.754819e+00 5.003565e-01 -7.645460e-01 
-1.600315e+01 -4.646020e+00 5.007699e-01 -6.786700e-01 
-1.400085e+01 -4.494882e+00 4.996627e-01 -5.922990e-01 
-1.200045e+01 -4.327288e+00 4.994593e-01 -5.059824e-01 
-9.996520e+00 -4.090430e+00 4.997626e-01 -4.194896e-01 
-7.998550e+00 -3.750999e+00 5.001332e-01 -3.332344e-01 
-5.997585e+00 -3.331893e+00 4.996490e-01 -2.468340e-01 
-3.995740e+00 -2.463081e+00 5.002526e-01 -1.603838e-01 
-1.999605e+00 -1.065249e+00 5.007542e-01 -7.417225e-02 
-1.764258e-03 -7.531490e-03 5.010265e-01 1.211689e-02 
1.992200e+00 1.075562e+00 5.001651e-01 9.823861e-02 
3.996915e+00 2.509088e+00 4.990169e-01 1.848207e-01 
6.000080e+00 3.392365e+00 4.990680e-01 2.713279e-01 
8.004385e+00 3.816288e+00 5.004698e-01 3.578725e-01 
9.996325e+00 4.162534e+00 5.002795e-01 4.438674e-01 
1.200215e+01 4.391984e+00 4.988309e-01 5.304419e-01 
1.400570e+01 4.548481e+00 5.004755e-01 6.168945e-01 
1.599835e+01 4.667064e+00 5.008640e-01 7.028492e-01 
1.799880e+01 4.769409e+00 5.001063e-01 7.891089e-01 
1.999750e+01 4.863535e+00 1.667063e-01 8.752577e-01 
2.999595e+01 5.158062e+00 1.000133e-01 1.305548e+00 
3.999485e+01 5.406709e+00 9.998700e-02 1.734393e+00 
4.999855e+01 5.637117e+00 9.999125e-02 2.161510e+00 
5.999660e+01 5.860596e+00 9.999600e-02 2.585996e+00 
6.999935e+01 6.082333e+00 9.996127e-02 3.007856e+00 
8.000435e+01 6.303181e+00 1.000378e-01 3.426566e+00 
8.999180e+01 6.524243e+00 1.000253e-01 3.840912e+00 
9.999930e+01 6.746790e+00 9.998900e-02 4.252086e+00 
1.099940e+02 6.968640e+00 9.998400e-02 4.658390e+00 
1.200025e+02 7.192015e+00 1.000050e-01 5.060590e+00 
1.299930e+02 7.412832e+00 9.999750e-02 5.457125e+00 
1.400030e+02 7.629820e+00 9.997751e-02 5.849222e+00 
1.499975e+02 7.876579e+00 1.000000e-01 6.235275e+00 
1.600030e+02 8.105681e+00 9.996002e-02 6.616106e+00 
1.700055e+02 8.335700e+00 1.000450e-01 6.990994e+00 
1.799940e+02 8.568698e+00 1.000350e-01 7.359390e+00 
1.899985e+02 8.806560e+00 9.996002e-02 7.722267e+00 
2.000020e+02 9.055120e+00 3.333361e-02 8.078886e+00 
2.499980e+02 1.022120e+01 2.000030e-02 9.765665e+00 
3.000005e+02 1.136453e+01 1.999880e-02 1.129204e+01 
3.500040e+02 1.252711e+01 1.999940e-02 1.266247e+01 
4.000035e+02 1.359241e+01 2.000260e-02 1.388679e+01 
4.499910e+02 1.461837e+01 2.000110e-02 1.497750e+01 
4.999980e+02 1.556813e+01 1.999810e-02 1.594880e+01 
5.500005e+02 1.648259e+01 2.000040e-02 1.681351e+01 
5.999960e+02 1.726748e+01 2.000030e-02 1.758418e+01 
6.499990e+02 1.799672e+01 1.999930e-02 1.827246e+01 
6.999995e+02 1.864755e+01 2.000110e-02 1.888844e+01 
7.499935e+02 1.924746e+01 2.000090e-02 1.944108e+01 
7.999950e+02 1.977675e+01 1.999760e-02 1.993842e+01 
8.500055e+02 2.025898e+01 1.999930e-02 2.038730e+01 
8.999985e+02 2.069892e+01 2.000180e-02 2.079344e+01 
9.499965e+02 2.108994e+01 1.999970e-02 2.116216e+01 
1.000000e+03 2.145603e+01 1.904746e-03 2.149790e+01 
2.000005e+03 2.477031e+01 9.999800e-04 2.476693e+01 
3.000040e+03 2.582548e+01 1.000000e-03 2.580585e+01 
4.000005e+03 2.629053e+01 1.000015e-03 2.627007e+01 
5.000010e+03 2.652334e+01 9.999975e-04 2.650416e+01 
6.000010e+03 2.661084e+01 1.000000e-03 2.662317e+01 
7.000010e+03 2.667646e+01 9.999975e-04 2.667641e+01 
8.000015e+03 2.665820e+01 1.000005e-03 2.668856e+01 
9.000000e+03 2.666670e+01 1.000008e-03 2.667330e+01 
1.000000e+04 2.661084e+01 1.000000e-03 2.663887e+01 
1.100000e+04 2.659141e+01 1.000000e-03 2.659048e+01 
1.200000e+04 2.654219e+01 1.000000e-03 2.653163e+01 
1.300000e+04 2.649541e+01 1.000000e-03 2.646473e+01 
1.400000e+04 2.641211e+01 1.000000e-03 2.639151e+01 
1.500000e+04 2.632334e+01 1.000000e-03 2.631323e+01 
1.600000e+04 2.621875e+01 1.000000e-03 2.623085e+01 
1.700000e+04 2.615117e+01 1.000000e-03 2.614507e+01 
1.800000e+04 2.605361e+01 1.000000e-03 2.605648e+01 
1.900000e+04 2.593203e+01 1.000000e-03 2.596551e+01 
