script internal name (ver:210707): multilognorlanglmfit
data-filename:C4
this-filename:fits/C4.fit.02
[[Definition parameters]]
ndist: 1
weight: sep
[[status]]
Fit succeeded.
[[Fit Statistics]]
    # fitting method   = leastsq
    # function evals   = 284
    # data points      = 125
    # variables        = 5
    chi-square         = 38575.5216
    reduced chi-square = 321.462680
    Akaike info crit   = 726.507433
    Bayesian info crit = 740.649001
[[Variables]]
    N0:    1.2519e+17 +/- 7.9440e+14 (0.63%) (init = 3.267855e+17)
    mu0:   9.87636150 +/- 0.01699674 (0.17%) (init = 7.65)
    sig0:  0.31332887 +/- 0.04115627 (13.14%) (init = 1.596)
    C:    -6.7808e-06 +/- 8.7753e-07 (12.94%) (init = 0.0001170269)
    T:     300 (fixed)
    dc:    0.00412751 +/- 0.00296230 (71.77%) (init = -0.004376373)
[[Correlations]] (unreported correlations are < 0.100)
    C(mu0, sig0) = -0.9603
    C(N0, mu0)   = -0.7844
    C(N0, C)     = -0.7649
    C(N0, sig0)  = +0.5808
    C(mu0, C)    = +0.5391
    C(sig0, C)   = -0.3764
[[Derived Parameters]]
    mean-mu      = 20444.1+/-436.2 mb
    stddev       = 6566.2+/-996.5 mb
    <mu>_mu      = 22553.0+/-953.0 mb
    sum squares  = 4.435413e+01
    m_s          = (2.37354+/-0.05283)e+01 (units)
[[data]]
-1.900000e+04 -2.329802e+01 1.000000e-03 -2.332952e+01 
-1.800000e+04 -2.333545e+01 1.000000e-03 -2.332114e+01 
-1.700000e+04 -2.332931e+01 1.000000e-03 -2.331097e+01 
-1.600000e+04 -2.331069e+01 1.000000e-03 -2.329869e+01 
-1.500000e+04 -2.327277e+01 1.000000e-03 -2.328387e+01 
-1.400000e+04 -2.323812e+01 1.000000e-03 -2.326596e+01 
-1.300000e+04 -2.322238e+01 1.000000e-03 -2.324425e+01 
-1.200000e+04 -2.321059e+01 1.000000e-03 -2.321779e+01 
-1.100000e+04 -2.320089e+01 9.999875e-04 -2.318529e+01 
-9.999975e+03 -2.313287e+01 1.000000e-03 -2.314494e+01 
-9.000000e+03 -2.309287e+01 1.000015e-03 -2.309411e+01 
-8.000005e+03 -2.303198e+01 1.000000e-03 -2.302887e+01 
-7.000000e+03 -2.295248e+01 9.999975e-04 -2.294306e+01 
-6.000000e+03 -2.284099e+01 9.999950e-04 -2.282639e+01 
-4.999990e+03 -2.270119e+01 1.000005e-03 -2.266034e+01 
-4.000010e+03 -2.242069e+01 1.000015e-03 -2.240787e+01 
-3.000020e+03 -2.195891e+01 9.999925e-04 -2.198258e+01 
-1.999995e+03 -2.108247e+01 9.999870e-04 -2.112540e+01 
-9.999940e+02 -1.870580e+01 1.904764e-03 -1.857148e+01 
-9.499960e+02 -1.844079e+01 1.999990e-02 -1.830964e+01 
-8.999935e+02 -1.815537e+01 2.000140e-02 -1.802133e+01 
-8.500030e+02 -1.784527e+01 2.000190e-02 -1.770287e+01 
-8.000030e+02 -1.750720e+01 1.999920e-02 -1.734966e+01 
-7.499990e+02 -1.713285e+01 1.999920e-02 -1.695647e+01 
-6.999990e+02 -1.672027e+01 1.999870e-02 -1.651720e+01 
-6.499925e+02 -1.619606e+01 1.999970e-02 -1.602452e+01 
-5.999975e+02 -1.563413e+01 2.000080e-02 -1.547015e+01 
-5.499965e+02 -1.497970e+01 2.000080e-02 -1.484407e+01 
-5.000015e+02 -1.422682e+01 2.000200e-02 -1.413510e+01 
-4.500065e+02 -1.334846e+01 2.000030e-02 -1.333034e+01 
-4.000030e+02 -1.233769e+01 1.999940e-02 -1.241543e+01 
-3.500035e+02 -1.120967e+01 1.999890e-02 -1.137550e+01 
-2.999975e+02 -9.856355e+00 2.000020e-02 -1.019526e+01 
-2.500045e+02 -8.443639e+00 2.000010e-02 -8.861961e+00 
-1.999980e+02 -6.822367e+00 3.333167e-02 -7.366286e+00 
-1.900015e+02 -6.506305e+00 1.000200e-01 -7.047661e+00 
-1.800020e+02 -6.191616e+00 1.000000e-01 -6.722478e+00 
-1.700015e+02 -5.880984e+00 1.000025e-01 -6.390880e+00 
-1.600025e+02 -5.577051e+00 9.998750e-02 -6.053054e+00 
-1.499990e+02 -5.277525e+00 1.000000e-01 -5.708928e+00 
-1.400025e+02 -4.985755e+00 1.000050e-01 -5.359062e+00 
-1.300000e+02 -4.701353e+00 9.998500e-02 -5.003192e+00 
-1.199995e+02 -4.426512e+00 1.000075e-01 -4.641822e+00 
-1.100015e+02 -4.158679e+00 1.000183e-01 -4.275228e+00 
-1.000032e+02 -3.899776e+00 9.998825e-02 -3.903594e+00 
-8.999915e+01 -3.650156e+00 9.997900e-02 -3.527042e+00 
-7.999895e+01 -3.412028e+00 1.000128e-01 -3.146278e+00 
-7.000170e+01 -3.181953e+00 1.000033e-01 -2.761663e+00 
-5.999960e+01 -2.960366e+00 9.996027e-02 -2.373313e+00 
-4.999375e+01 -2.744513e+00 1.000210e-01 -1.981713e+00 
-4.000380e+01 -2.535807e+00 1.000363e-01 -1.588111e+00 
-3.000100e+01 -2.327164e+00 9.997850e-02 -1.191871e+00 
-1.999950e+01 -2.106154e+00 1.666938e-01 -7.940643e-01 
-1.800295e+01 -2.044289e+00 5.000500e-01 -7.145050e-01 
-1.599990e+01 -1.984951e+00 4.988464e-01 -6.346474e-01 
-1.399370e+01 -1.922177e+00 4.990518e-01 -5.546291e-01 
-1.199230e+01 -1.852854e+00 5.011213e-01 -4.747717e-01 
-1.000265e+01 -1.771275e+00 5.017392e-01 -3.953571e-01 
-8.006165e+00 -1.669384e+00 4.997052e-01 -3.156479e-01 
-6.000290e+00 -1.530262e+00 4.996858e-01 -2.355463e-01 
-4.003650e+00 -1.321389e+00 5.007574e-01 -1.558004e-01 
-2.006340e+00 -9.453256e-01 5.000817e-01 -7.601900e-02 
-4.303507e-03 3.325119e-02 4.989373e-01 3.955603e-03 
2.002180e+00 9.626193e-01 4.993722e-01 8.410786e-02 
4.000725e+00 1.321870e+00 5.005099e-01 1.639386e-01 
5.998105e+00 1.523443e+00 5.009154e-01 2.437141e-01 
7.993415e+00 1.659751e+00 5.012230e-01 3.233939e-01 
9.988345e+00 1.759346e+00 4.986182e-01 4.030410e-01 
1.200450e+01 1.840093e+00 4.977409e-01 4.835136e-01 
1.400650e+01 1.907631e+00 5.002626e-01 5.633948e-01 
1.600240e+01 1.969995e+00 5.010208e-01 6.430021e-01 
1.799835e+01 2.029072e+00 4.999438e-01 7.225767e-01 
2.000285e+01 2.090456e+00 1.667716e-01 8.024528e-01 
2.999080e+01 2.312324e+00 1.000025e-01 1.199721e+00 
4.000235e+01 2.521574e+00 9.997326e-02 1.596309e+00 
4.999615e+01 2.731482e+00 1.000230e-01 1.990062e+00 
5.999775e+01 2.946379e+00 9.994178e-02 2.381496e+00 
7.000780e+01 3.167375e+00 1.000018e-01 2.770154e+00 
7.999740e+01 3.396959e+00 1.000413e-01 3.154474e+00 
8.999955e+01 3.636838e+00 1.000008e-01 3.535312e+00 
9.999725e+01 3.885557e+00 1.000103e-01 3.911629e+00 
1.099975e+02 4.144862e+00 1.000063e-01 4.283335e+00 
1.199960e+02 4.412576e+00 9.996751e-02 4.649949e+00 
1.300040e+02 4.688325e+00 9.999000e-02 5.011591e+00 
1.399980e+02 4.970037e+00 1.000200e-01 5.367158e+00 
1.500000e+02 5.258835e+00 9.997751e-02 5.717218e+00 
1.600025e+02 5.546755e+00 1.000000e-01 6.061309e+00 
1.700000e+02 5.827564e+00 1.000025e-01 6.399085e+00 
1.800020e+02 6.186669e+00 1.000075e-01 6.730733e+00 
1.899985e+02 6.504251e+00 1.000125e-01 7.055819e+00 
1.999995e+02 6.819913e+00 3.333667e-02 7.374589e+00 
2.499925e+02 8.395156e+00 2.000030e-02 8.869876e+00 
2.999980e+02 9.842033e+00 1.999860e-02 1.020352e+01 
3.499995e+02 1.118949e+01 1.999910e-02 1.138366e+01 
4.000025e+02 1.233466e+01 1.999950e-02 1.242368e+01 
4.500020e+02 1.334571e+01 2.000110e-02 1.333851e+01 
4.999970e+02 1.421709e+01 2.000200e-02 1.414328e+01 
5.499920e+02 1.497066e+01 1.999990e-02 1.485226e+01 
5.999975e+02 1.562312e+01 1.999890e-02 1.547840e+01 
6.499975e+02 1.618282e+01 2.000140e-02 1.603283e+01 
6.999905e+02 1.667039e+01 1.999870e-02 1.652538e+01 
7.500040e+02 1.709966e+01 1.999880e-02 1.696477e+01 
7.999965e+02 1.747730e+01 1.999990e-02 1.735787e+01 
8.500045e+02 1.781479e+01 1.999850e-02 1.771114e+01 
9.000040e+02 1.811988e+01 2.000220e-02 1.802965e+01 
9.499935e+02 1.840363e+01 2.000070e-02 1.831788e+01 
1.000000e+03 1.867408e+01 1.904750e-03 1.857977e+01 
2.000000e+03 2.105049e+01 9.999778e-04 2.113367e+01 
3.000045e+03 2.193959e+01 9.999975e-04 2.199085e+01 
4.000005e+03 2.240673e+01 1.000023e-03 2.241613e+01 
5.000000e+03 2.269356e+01 9.999975e-04 2.266859e+01 
6.000010e+03 2.284515e+01 1.000000e-03 2.283465e+01 
7.000000e+03 2.301020e+01 1.000000e-03 2.295132e+01 
8.000010e+03 2.306950e+01 1.000013e-03 2.303713e+01 
8.999975e+03 2.311941e+01 1.000005e-03 2.310236e+01 
1.000000e+04 2.316257e+01 9.999875e-04 2.315319e+01 
1.100000e+04 2.319277e+01 1.000000e-03 2.319355e+01 
1.200000e+04 2.320960e+01 1.000000e-03 2.322605e+01 
1.300000e+04 2.322416e+01 1.000025e-03 2.325250e+01 
1.399995e+04 2.325218e+01 1.000000e-03 2.327421e+01 
1.500000e+04 2.328634e+01 1.000025e-03 2.329212e+01 
1.599990e+04 2.332238e+01 1.000100e-03 2.330694e+01 
1.699980e+04 2.334842e+01 9.999500e-04 2.331922e+01 
1.800000e+04 2.334356e+01 9.996501e-04 2.332939e+01 
1.900050e+04 2.331692e+01 9.995002e-04 2.333777e+01 
