script internal name (ver:210707): multilognorlanglmfit
data-filename:F1
this-filename:fits/F1.fit.01
[[Definition parameters]]
ndist: 1
weight: sep
[[status]]
Fit succeeded.
[[Fit Statistics]]
    # fitting method   = leastsq
    # function evals   = 251
    # data points      = 125
    # variables        = 5
    chi-square         = 235279.002
    reduced chi-square = 1960.65835
    Akaike info crit   = 952.526699
    Bayesian info crit = 966.668268
[[Variables]]
    N0:    3.5541e+17 +/- 2.9453e+15 (0.83%) (init = 1.068642e+18)
    mu0:   9.72522160 +/- 0.02285312 (0.23%) (init = 7.65)
    sig0:  0.72312976 +/- 0.02239554 (3.10%) (init = 1.596)
    C:     3.1100e-05 +/- 2.5083e-06 (8.07%) (init = -5.86686e-06)
    T:     300 (fixed)
    dc:    0.03773829 +/- 0.00731594 (19.39%) (init = -0.0285951)
[[Correlations]] (unreported correlations are < 0.100)
    C(mu0, sig0) = -0.9786
    C(N0, mu0)   = -0.8991
    C(N0, C)     = -0.8186
    C(N0, sig0)  = +0.7901
    C(mu0, C)    = +0.6626
    C(sig0, C)   = -0.5507
[[Derived Parameters]]
    mean-mu      = 21735.0+/-608.8 mb
    stddev       = 18014+/-1089 mb
    <mu>_mu      = 36666+/-1969 mb
    sum squares  = 1.207211e+02
    m_s          = (7.1639+/-0.2093)e+01 (units)
[[data]]
-1.900000e+04 -7.143008e+01 1.000000e-03 -7.141771e+01 
-1.800000e+04 -7.131225e+01 1.000000e-03 -7.134357e+01 
-1.700000e+04 -7.120886e+01 1.000000e-03 -7.126437e+01 
-1.600000e+04 -7.115817e+01 1.000000e-03 -7.117915e+01 
-1.500000e+04 -7.107849e+01 1.000000e-03 -7.108671e+01 
-1.400000e+04 -7.099781e+01 1.000000e-03 -7.098552e+01 
-1.300000e+04 -7.085618e+01 1.000000e-03 -7.087354e+01 
-1.200000e+04 -7.076315e+01 1.000000e-03 -7.074808e+01 
-1.100000e+04 -7.064522e+01 9.999975e-04 -7.060547e+01 
-9.999995e+03 -7.043347e+01 1.000000e-03 -7.044056e+01 
-9.000000e+03 -7.026375e+01 9.999950e-04 -7.024593e+01 
-7.999985e+03 -7.002540e+01 1.000008e-03 -7.001042e+01 
-7.000015e+03 -6.978237e+01 1.000015e-03 -6.971657e+01 
-6.000015e+03 -6.938157e+01 9.999925e-04 -6.933524e+01 
-5.000000e+03 -6.881812e+01 9.999950e-04 -6.881414e+01 
-4.000005e+03 -6.801076e+01 9.999550e-04 -6.804923e+01 
-2.999910e+03 -6.669157e+01 9.999975e-04 -6.680020e+01 
-2.000000e+03 -6.433066e+01 1.000047e-03 -6.436810e+01 
-1.000005e+03 -5.799938e+01 1.904762e-03 -5.761916e+01 
-9.500000e+02 -5.733904e+01 1.999950e-02 -5.696237e+01 
-9.000020e+02 -5.657539e+01 2.000050e-02 -5.624514e+01 
-8.500025e+02 -5.575397e+01 2.000080e-02 -5.545901e+01 
-8.000060e+02 -5.489481e+01 1.999860e-02 -5.459410e+01 
-7.499955e+02 -5.391305e+01 1.999880e-02 -5.363820e+01 
-7.000000e+02 -5.281424e+01 2.000160e-02 -5.257759e+01 
-6.500035e+02 -5.157369e+01 1.999860e-02 -5.139464e+01 
-5.999930e+02 -5.017776e+01 1.999870e-02 -5.006777e+01 
-5.499970e+02 -4.861921e+01 2.000090e-02 -4.857157e+01 
-4.999975e+02 -4.681284e+01 1.999940e-02 -4.687293e+01 
-4.499940e+02 -4.451335e+01 2.000060e-02 -4.493067e+01 
-4.000005e+02 -4.192497e+01 2.000100e-02 -4.269297e+01 
-3.499990e+02 -3.909210e+01 2.000040e-02 -4.009140e+01 
-3.000025e+02 -3.582737e+01 1.999980e-02 -3.703827e+01 
-2.499980e+02 -3.192509e+01 1.999890e-02 -3.341595e+01 
-1.999970e+02 -2.740346e+01 3.333611e-02 -2.906956e+01 
-1.900030e+02 -2.636757e+01 1.000275e-01 -2.809681e+01 
-1.800025e+02 -2.529737e+01 1.000100e-01 -2.708446e+01 
-1.700050e+02 -2.422222e+01 9.999250e-02 -2.603140e+01 
-1.600010e+02 -2.315054e+01 9.994503e-02 -2.493447e+01 
-1.499940e+02 -2.206963e+01 1.000025e-01 -2.379177e+01 
-1.400015e+02 -2.099241e+01 1.000400e-01 -2.260304e+01 
-1.300020e+02 -1.984578e+01 1.000050e-01 -2.136340e+01 
-1.200025e+02 -1.865598e+01 1.000150e-01 -2.007121e+01 
-1.100050e+02 -1.746629e+01 1.000250e-01 -1.872432e+01 
-1.000075e+02 -1.626781e+01 9.998400e-02 -1.732004e+01 
-9.000180e+01 -1.506606e+01 9.993604e-02 -1.585488e+01 
-7.999470e+01 -1.383226e+01 9.999250e-02 -1.432770e+01 
-7.000030e+01 -1.233707e+01 1.000145e-01 -1.273909e+01 
-5.999760e+01 -1.095285e+01 1.000125e-01 -1.108476e+01 
-5.000280e+01 -9.661160e+00 1.000373e-01 -9.367374e+00 
-4.000505e+01 -8.361045e+00 9.998200e-02 -7.586581e+00 
-2.999920e+01 -6.938235e+00 9.998050e-02 -5.745059e+00 
-2.000115e+01 -5.648205e+00 1.666542e-01 -3.852670e+00 
-1.799830e+01 -5.278130e+00 5.003941e-01 -3.468213e+00 
-1.600430e+01 -4.902689e+00 4.996502e-01 -3.083930e+00 
-1.399550e+01 -4.600760e+00 4.999625e-01 -2.695386e+00 
-1.200400e+01 -4.150064e+00 5.000050e-01 -2.308932e+00 
-9.995540e+00 -3.173148e+00 5.001475e-01 -1.918073e+00 
-8.005180e+00 -2.711114e+00 5.015026e-01 -1.529793e+00 
-6.007525e+00 -2.192356e+00 4.992923e-01 -1.139318e+00 
-3.999510e+00 -1.573853e+00 4.993409e-01 -7.462231e-01 
-2.002245e+00 -9.280702e-01 4.993096e-01 -3.548315e-01 
6.020775e-03 -1.380450e-01 4.998838e-01 3.891885e-02 
1.998685e+00 6.702911e-01 5.005977e-01 4.296102e-01 
4.001245e+00 1.369679e+00 4.991726e-01 8.220395e-01 
6.005315e+00 1.947703e+00 5.001225e-01 1.214363e+00 
8.000265e+00 2.467021e+00 5.011916e-01 1.604310e+00 
9.995805e+00 3.063022e+00 4.994961e-01 1.993601e+00 
1.200430e+01 3.875445e+00 4.996134e-01 2.384467e+00 
1.399890e+01 4.234368e+00 5.008577e-01 2.771521e+00 
1.599745e+01 4.706936e+00 5.005005e-01 3.158084e+00 
1.799490e+01 5.071219e+00 4.997439e-01 3.543036e+00 
1.999950e+01 5.486518e+00 1.665737e-01 3.927831e+00 
3.000160e+01 6.727031e+00 1.000145e-01 5.820984e+00 
3.999660e+01 8.215411e+00 1.000200e-01 7.660527e+00 
4.999760e+01 9.565506e+00 9.996476e-02 9.441941e+00 
6.000365e+01 1.081125e+01 1.000010e-01 1.116126e+01 
6.999740e+01 1.202338e+01 1.000125e-01 1.281410e+01 
8.000115e+01 1.342085e+01 9.998625e-02 1.440418e+01 
9.000015e+01 1.451705e+01 1.000110e-01 1.593011e+01 
9.999895e+01 1.589795e+01 1.000083e-01 1.739429e+01 
1.099985e+02 1.711865e+01 9.993979e-02 1.879890e+01 
1.200110e+02 1.830873e+01 9.996002e-02 2.014781e+01 
1.300065e+02 1.953295e+01 1.000550e-01 2.143944e+01 
1.400000e+02 2.070916e+01 1.000350e-01 2.267834e+01 
1.499995e+02 2.199577e+01 1.000025e-01 2.386789e+01 
1.599995e+02 2.312531e+01 9.998750e-02 2.500978e+01 
1.700020e+02 2.424022e+01 9.997501e-02 2.610655e+01 
1.800045e+02 2.528776e+01 9.999250e-02 2.716014e+01 
1.900035e+02 2.632588e+01 1.000300e-01 2.817234e+01 
1.999985e+02 2.752748e+01 3.333833e-02 2.914518e+01 
2.499945e+02 3.189270e+01 2.000060e-02 3.349115e+01 
2.999955e+02 3.584582e+01 1.999930e-02 3.711328e+01 
3.499980e+02 3.923088e+01 2.000000e-02 4.016682e+01 
3.999955e+02 4.218157e+01 2.000040e-02 4.276820e+01 
4.499960e+02 4.469299e+01 2.000000e-02 4.500623e+01 
4.999955e+02 4.679810e+01 1.999960e-02 4.694834e+01 
5.499980e+02 4.859233e+01 1.999910e-02 4.864708e+01 
6.000000e+02 5.025447e+01 1.999940e-02 5.014344e+01 
6.500010e+02 5.163934e+01 2.000060e-02 5.147005e+01 
6.999970e+02 5.289841e+01 2.000120e-02 5.265300e+01 
7.499950e+02 5.399791e+01 1.999920e-02 5.371367e+01 
8.000010e+02 5.496574e+01 1.999860e-02 5.466948e+01 
8.500020e+02 5.584711e+01 1.999980e-02 5.553448e+01 
9.000020e+02 5.661962e+01 2.000000e-02 5.632062e+01 
9.500020e+02 5.730956e+01 2.000110e-02 5.703787e+01 
9.999965e+02 5.796154e+01 1.904766e-03 5.769454e+01 
2.000000e+03 6.434440e+01 9.999933e-04 6.444357e+01 
3.000010e+03 6.677241e+01 9.999950e-04 6.687584e+01 
4.000010e+03 6.807540e+01 1.000003e-03 6.812471e+01 
5.000005e+03 6.891036e+01 1.000005e-03 6.888962e+01 
6.000000e+03 6.933396e+01 1.000003e-03 6.941071e+01 
7.000000e+03 6.974432e+01 1.000000e-03 6.979204e+01 
8.000000e+03 7.004104e+01 1.000000e-03 7.008590e+01 
9.000000e+03 7.039532e+01 1.000000e-03 7.032140e+01 
1.000000e+04 7.066454e+01 1.000000e-03 7.051604e+01 
1.100000e+04 7.080020e+01 9.997001e-04 7.068095e+01 
1.200060e+04 7.090807e+01 1.000000e-03 7.082364e+01 
1.300000e+04 7.101384e+01 1.000300e-03 7.094902e+01 
1.400000e+04 7.113406e+01 1.000000e-03 7.106100e+01 
1.500000e+04 7.112620e+01 1.000000e-03 7.116219e+01 
1.600000e+04 7.124442e+01 1.000000e-03 7.125462e+01 
1.700000e+04 7.129074e+01 1.000000e-03 7.133984e+01 
1.800000e+04 7.136534e+01 9.999250e-04 7.141905e+01 
1.900015e+04 7.141405e+01 9.998500e-04 7.149320e+01 
