script internal name (ver:210707): multilognorlanglmfit
data-filename:F2
this-filename:fits/F2.fit.00
[[Definition parameters]]
ndist: 1
weight: sep
[[status]]
Fit succeeded.
[[Fit Statistics]]
    # fitting method   = leastsq
    # function evals   = 158
    # data points      = 125
    # variables        = 5
    chi-square         = 62312.6354
    reduced chi-square = 519.271962
    Akaike info crit   = 786.450720
    Bayesian info crit = 800.592289
[[Variables]]
    N0:    2.3663e+17 +/- 4.0075e+15 (1.69%) (init = 5.656e+17)
    mu0:   9.05538848 +/- 0.04099806 (0.45%) (init = 7.65)
    sig0:  1.16750942 +/- 0.02190171 (1.88%) (init = 1.596)
    C:    -5.6191e-05 +/- 1.7857e-06 (3.18%) (init = -0.0001481302)
    T:     300 (fixed)
    dc:    0.06068287 +/- 0.00376504 (6.20%) (init = 0.05779419)
[[Correlations]] (unreported correlations are < 0.100)
    C(mu0, sig0) = -0.9912
    C(N0, mu0)   = -0.9750
    C(N0, sig0)  = +0.9370
    C(N0, C)     = -0.8791
    C(mu0, C)    = +0.7982
    C(sig0, C)   = -0.7341
[[Derived Parameters]]
    mean-mu      = 16931.4+/-818.1 mb
    stddev       = 28874+/-2097 mb
    <mu>_mu      = 66172+/-5756 mb
    sum squares  = 1.175472e+02
    m_s          = (3.7157+/-0.1902)e+01 (units)
[[data]]
-1.900000e+04 -3.556716e+01 1.000000e-03 -3.551371e+01 
-1.800000e+04 -3.554696e+01 1.000000e-03 -3.554142e+01 
-1.700000e+04 -3.552036e+01 1.000000e-03 -3.556581e+01 
-1.600000e+04 -3.554910e+01 1.000000e-03 -3.558626e+01 
-1.500000e+04 -3.559483e+01 1.000000e-03 -3.560199e+01 
-1.400000e+04 -3.561371e+01 1.000000e-03 -3.561201e+01 
-1.300000e+04 -3.564171e+01 1.000000e-03 -3.561501e+01 
-1.200000e+04 -3.562225e+01 1.000000e-03 -3.560928e+01 
-1.100000e+04 -3.561617e+01 1.000000e-03 -3.559248e+01 
-1.000000e+04 -3.555969e+01 1.000005e-03 -3.556137e+01 
-9.000010e+03 -3.552323e+01 9.999975e-04 -3.551132e+01 
-7.999995e+03 -3.543892e+01 1.000000e-03 -3.543545e+01 
-7.000010e+03 -3.530583e+01 1.000003e-03 -3.532312e+01 
-6.000000e+03 -3.514589e+01 9.999900e-04 -3.515697e+01 
-4.999990e+03 -3.492717e+01 1.000000e-03 -3.490662e+01 
-4.000000e+03 -3.452101e+01 1.000013e-03 -3.451367e+01 
-3.000015e+03 -3.381396e+01 9.999975e-04 -3.385003e+01 
-1.999995e+03 -3.251781e+01 9.999948e-04 -3.256958e+01 
-1.000005e+03 -2.945262e+01 1.904776e-03 -2.929309e+01 
-9.500030e+02 -2.914639e+01 1.999950e-02 -2.899282e+01 
-9.000020e+02 -2.882455e+01 2.000010e-02 -2.866778e+01 
-8.500035e+02 -2.847685e+01 1.999990e-02 -2.831476e+01 
-8.000015e+02 -2.809737e+01 2.000070e-02 -2.792987e+01 
-7.500070e+02 -2.768629e+01 1.999900e-02 -2.750864e+01 
-6.999965e+02 -2.722011e+01 1.999730e-02 -2.704532e+01 
-6.499935e+02 -2.669704e+01 2.000010e-02 -2.653337e+01 
-5.999970e+02 -2.610591e+01 2.000240e-02 -2.596448e+01 
-5.500055e+02 -2.545508e+01 1.999970e-02 -2.532825e+01 
-4.999955e+02 -2.470048e+01 1.999960e-02 -2.461113e+01 
-4.500035e+02 -2.380073e+01 2.000130e-02 -2.379657e+01 
-4.000020e+02 -2.275467e+01 1.999880e-02 -2.286159e+01 
-3.499975e+02 -2.145345e+01 1.999880e-02 -2.177582e+01 
-2.999960e+02 -1.991022e+01 2.000000e-02 -2.049689e+01 
-2.499975e+02 -1.809819e+01 2.000060e-02 -1.896342e+01 
-1.999990e+02 -1.592092e+01 3.333611e-02 -1.708215e+01 
-1.900025e+02 -1.540650e+01 1.000000e-01 -1.665252e+01 
-1.799990e+02 -1.488176e+01 9.998750e-02 -1.620138e+01 
-1.700000e+02 -1.432994e+01 1.000150e-01 -1.572746e+01 
-1.600020e+02 -1.375449e+01 9.998250e-02 -1.522860e+01 
-1.499965e+02 -1.314471e+01 9.999000e-02 -1.470206e+01 
-1.400000e+02 -1.249971e+01 1.000400e-01 -1.414613e+01 
-1.300045e+02 -1.178890e+01 1.000125e-01 -1.355746e+01 
-1.200025e+02 -1.105201e+01 9.997001e-02 -1.293214e+01 
-1.099985e+02 -1.029875e+01 9.999700e-02 -1.226646e+01 
-1.000019e+02 -9.529779e+00 1.000215e-01 -1.155643e+01 
-9.000280e+01 -8.652892e+00 9.999925e-02 -1.079593e+01 
-8.000175e+01 -7.780153e+00 9.997526e-02 -9.978450e+00 
-6.999785e+01 -6.890163e+00 1.000113e-01 -9.096042e+00 
-6.000400e+01 -5.996577e+00 9.998475e-02 -8.140364e+00 
-4.999480e+01 -5.113521e+00 9.999900e-02 -7.097102e+00 
-4.000380e+01 -4.205993e+00 1.000335e-01 -5.954996e+00 
-3.000150e+01 -3.411162e+00 9.998050e-02 -4.691965e+00 
-1.999990e+01 -2.523076e+00 1.665827e-01 -3.285355e+00 
-1.799545e+01 -2.284933e+00 4.999313e-01 -2.983659e+00 
-1.599935e+01 -2.064162e+00 5.010585e-01 -2.676077e+00 
-1.400390e+01 -1.809309e+00 5.001876e-01 -2.361229e+00 
-1.200085e+01 -1.591382e+00 4.996815e-01 -2.037553e+00 
-1.000135e+01 -1.242105e+00 4.995211e-01 -1.706643e+00 
-7.997015e+00 -9.939981e-01 5.003052e-01 -1.366995e+00 
-6.003790e+00 -7.590392e-01 5.015668e-01 -1.021379e+00 
-4.009510e+00 -5.265118e-01 5.004999e-01 -6.680359e-01 
-2.007785e+00 -2.947136e-01 4.990132e-01 -3.066050e-01 
-1.599800e-03 -3.573998e-02 4.982375e-01 6.038937e-02 
2.006365e+00 2.274334e-01 4.998651e-01 4.277123e-01 
3.999480e+00 4.897453e-01 5.012230e-01 7.876065e-01 
5.996605e+00 7.580532e-01 4.997507e-01 1.141485e+00 
8.001475e+00 1.260487e+00 5.002451e-01 1.489125e+00 
9.994645e+00 1.495965e+00 5.007480e-01 1.826886e+00 
1.199550e+01 1.731248e+00 4.996808e-01 2.158044e+00 
1.399720e+01 1.960473e+00 4.995192e-01 2.481525e+00 
1.599935e+01 2.194125e+00 4.996003e-01 2.797443e+00 
1.800040e+01 2.439507e+00 5.000563e-01 3.105779e+00 
1.999890e+01 2.738277e+00 1.666313e-01 3.406572e+00 
3.000295e+01 3.563170e+00 9.999375e-02 4.813523e+00 
4.000015e+01 4.451573e+00 9.999775e-02 6.075924e+00 
5.000340e+01 5.326091e+00 1.000193e-01 7.219405e+00 
5.999630e+01 6.269427e+00 1.000015e-01 8.260962e+00 
7.000310e+01 7.158688e+00 9.996801e-02 9.217890e+00 
8.000270e+01 8.028284e+00 1.000083e-01 1.009990e+01 
9.000145e+01 8.921375e+00 1.000315e-01 1.091719e+01 
9.999640e+01 9.806058e+00 9.999975e-02 1.167739e+01 
1.100015e+02 1.052257e+01 9.998950e-02 1.238803e+01 
1.199985e+02 1.123693e+01 9.999250e-02 1.305325e+01 
1.300030e+02 1.192323e+01 9.999000e-02 1.367873e+01 
1.400005e+02 1.257136e+01 1.000225e-01 1.426753e+01 
1.499985e+02 1.318732e+01 1.000225e-01 1.482353e+01 
1.599960e+02 1.376907e+01 9.998500e-02 1.534965e+01 
1.700015e+02 1.431280e+01 9.997501e-02 1.584890e+01 
1.800010e+02 1.488793e+01 1.000275e-01 1.632284e+01 
1.899960e+02 1.541020e+01 1.000050e-01 1.677360e+01 
2.000000e+02 1.593887e+01 3.333306e-02 1.720356e+01 
2.499965e+02 1.810187e+01 1.999990e-02 1.908475e+01 
3.000005e+02 1.990713e+01 2.000020e-02 2.061838e+01 
3.499955e+02 2.152166e+01 1.999930e-02 2.189713e+01 
4.000040e+02 2.278184e+01 1.999860e-02 2.298300e+01 
4.500025e+02 2.384318e+01 2.000030e-02 2.391791e+01 
5.000025e+02 2.473776e+01 1.999930e-02 2.473260e+01 
5.500060e+02 2.550895e+01 2.000020e-02 2.544962e+01 
6.000015e+02 2.618900e+01 2.000100e-02 2.608590e+01 
6.500010e+02 2.678128e+01 2.000130e-02 2.665482e+01 
6.999950e+02 2.730271e+01 2.000160e-02 2.716667e+01 
7.499930e+02 2.776117e+01 1.999760e-02 2.762988e+01 
8.000070e+02 2.819901e+01 1.999940e-02 2.805128e+01 
8.499960e+02 2.861732e+01 2.000050e-02 2.843607e+01 
9.000045e+02 2.898087e+01 2.000010e-02 2.878917e+01 
9.499955e+02 2.929877e+01 2.000100e-02 2.911414e+01 
9.999995e+02 2.958357e+01 1.904754e-03 2.941443e+01 
2.000000e+03 3.264876e+01 9.999698e-04 3.269095e+01 
3.000060e+03 3.395016e+01 9.999975e-04 3.397143e+01 
4.000005e+03 3.462611e+01 1.000023e-03 3.463504e+01 
5.000015e+03 3.504844e+01 9.999950e-04 3.502799e+01 
6.000015e+03 3.525903e+01 1.000003e-03 3.527834e+01 
7.000010e+03 3.542816e+01 1.000013e-03 3.544449e+01 
7.999990e+03 3.555230e+01 1.000005e-03 3.555681e+01 
9.000000e+03 3.564138e+01 9.999975e-04 3.563269e+01 
9.999995e+03 3.573448e+01 1.000000e-03 3.568274e+01 
1.100000e+04 3.574869e+01 9.999975e-04 3.571385e+01 
1.200000e+04 3.577455e+01 1.000000e-03 3.573065e+01 
1.300000e+04 3.575772e+01 1.000000e-03 3.573638e+01 
1.400000e+04 3.572143e+01 1.000000e-03 3.573338e+01 
1.500000e+04 3.571190e+01 1.000000e-03 3.572336e+01 
1.600000e+04 3.568580e+01 1.000000e-03 3.570763e+01 
1.700000e+04 3.565066e+01 1.000000e-03 3.568718e+01 
1.800000e+04 3.562980e+01 1.000000e-03 3.566279e+01 
1.900000e+04 3.564023e+01 1.000000e-03 3.563508e+01 
