script internal name (ver:210707): multilognorlanglmfit
data-filename:F3
this-filename:fits/F3.fit.01
[[Definition parameters]]
ndist: 1
weight: sep
[[status]]
Fit succeeded.
[[Fit Statistics]]
    # fitting method   = leastsq
    # function evals   = 432
    # data points      = 125
    # variables        = 5
    chi-square         = 76977.5501
    reduced chi-square = 641.479584
    Akaike info crit   = 812.869420
    Bayesian info crit = 827.010989
[[Variables]]
    N0:    1.3905e+17 +/- 1.2316e+15 (0.89%) (init = 3.979596e+17)
    mu0:   10.0132744 +/- 0.00826068 (0.08%) (init = 7.65)
    sig0:  7.0246e-06 +/- 1.30599307 (18591735.74%) (init = 1.596)
    C:    -1.0167e-04 +/- 1.2539e-06 (1.23%) (init = 4.419099e-05)
    T:     300 (fixed)
    dc:   -0.06769761 +/- 0.00418470 (6.18%) (init = -0.03439427)
[[Correlations]] (unreported correlations are < 0.100)
    C(N0, mu0)   = -0.9992
    C(N0, C)     = -0.7622
    C(mu0, C)    = +0.7384
    C(mu0, sig0) = -0.7135
    C(N0, sig0)  = +0.7069
    C(sig0, C)   = -0.4371
[[Derived Parameters]]
    mean-mu      = 22320.8+/-184.4 mb
    stddev       = 0+/-29151 mb
    <mu>_mu      = 22320.8+/-184.4 mb
    sum squares  = 6.747915e+01
    m_s          = (2.87842+/-0.03486)e+01 (units)
[[data]]
-1.900000e+04 -2.655355e+01 1.000000e-03 -2.661698e+01 
-1.800000e+04 -2.669770e+01 1.000000e-03 -2.670181e+01 
-1.700000e+04 -2.674194e+01 1.000000e-03 -2.678466e+01 
-1.600000e+04 -2.687620e+01 1.000000e-03 -2.686516e+01 
-1.500000e+04 -2.697620e+01 1.000000e-03 -2.694284e+01 
-1.400000e+04 -2.704530e+01 1.000000e-03 -2.701709e+01 
-1.300000e+04 -2.709088e+01 1.000000e-03 -2.708711e+01 
-1.200000e+04 -2.716603e+01 1.000000e-03 -2.715187e+01 
-1.100000e+04 -2.722534e+01 9.999950e-04 -2.720991e+01 
-9.999990e+03 -2.730058e+01 1.000000e-03 -2.725923e+01 
-9.000000e+03 -2.729031e+01 1.000008e-03 -2.729691e+01 
-8.000005e+03 -2.729904e+01 1.000000e-03 -2.731859e+01 
-7.000000e+03 -2.729539e+01 9.999925e-04 -2.731742e+01 
-5.999990e+03 -2.726852e+01 1.000005e-03 -2.728197e+01 
-5.000010e+03 -2.719376e+01 1.000005e-03 -2.719167e+01 
-4.000000e+03 -2.700643e+01 9.999900e-04 -2.700538e+01 
-2.999990e+03 -2.661852e+01 9.999975e-04 -2.662711e+01 
-1.999995e+03 -2.577975e+01 1.000001e-03 -2.576891e+01 
-9.999915e+02 -2.312428e+01 1.904770e-03 -2.299354e+01 
-9.499995e+02 -2.280355e+01 2.000130e-02 -2.269724e+01 
-8.999980e+02 -2.245873e+01 2.000090e-02 -2.236833e+01 
-8.500040e+02 -2.206928e+01 2.000110e-02 -2.200167e+01 
-8.000035e+02 -2.160739e+01 1.999850e-02 -2.159092e+01 
-7.499965e+02 -2.108243e+01 1.999990e-02 -2.112856e+01 
-7.000030e+02 -2.045297e+01 1.999970e-02 -2.060594e+01 
-6.499950e+02 -1.972898e+01 1.999860e-02 -2.001226e+01 
-5.999960e+02 -1.887830e+01 2.000130e-02 -1.933549e+01 
-5.500015e+02 -1.792119e+01 2.000010e-02 -1.856142e+01 
-4.999965e+02 -1.685699e+01 1.999940e-02 -1.767385e+01 
-4.499985e+02 -1.567379e+01 2.000010e-02 -1.665571e+01 
-3.999970e+02 -1.438880e+01 2.000060e-02 -1.548891e+01 
-3.500015e+02 -1.300059e+01 1.999960e-02 -1.415660e+01 
-2.999950e+02 -1.150843e+01 1.999950e-02 -1.264408e+01 
-2.499990e+02 -9.938944e+00 2.000140e-02 -1.094338e+01 
-2.000020e+02 -8.270669e+00 3.333333e-02 -9.054028e+00 
-1.899990e+02 -7.925751e+00 9.998000e-02 -8.654585e+00 
-1.799980e+02 -7.557036e+00 9.998000e-02 -8.248230e+00 
-1.699950e+02 -7.235136e+00 1.000050e-01 -7.835007e+00 
-1.599990e+02 -6.910355e+00 1.000050e-01 -7.415516e+00 
-1.499960e+02 -6.558305e+00 1.000225e-01 -6.989413e+00 
-1.400035e+02 -6.219675e+00 1.000225e-01 -6.557708e+00 
-1.300005e+02 -5.829800e+00 1.000050e-01 -6.119779e+00 
-1.200045e+02 -5.517927e+00 1.000250e-01 -5.676692e+00 
-1.100055e+02 -5.193477e+00 9.999450e-02 -5.228333e+00 
-1.000034e+02 -4.863843e+00 9.999725e-02 -4.775039e+00 
-9.000495e+01 -4.533942e+00 1.000230e-01 -4.317480e+00 
-8.000800e+01 -4.204639e+00 9.997900e-02 -3.855947e+00 
-7.000075e+01 -3.878697e+00 9.995977e-02 -3.390290e+00 
-5.999995e+01 -3.558367e+00 9.999700e-02 -2.921707e+00 
-5.000015e+01 -3.241657e+00 1.000248e-01 -2.450377e+00 
-4.000490e+01 -2.930489e+00 1.000228e-01 -1.976915e+00 
-3.000470e+01 -2.605480e+00 9.998750e-02 -1.501327e+00 
-2.000240e+01 -2.313652e+00 1.664787e-01 -1.024212e+00 
-1.799115e+01 -2.243783e+00 5.001125e-01 -9.281436e-01 
-1.600330e+01 -2.177365e+00 5.008765e-01 -8.331588e-01 
-1.399815e+01 -2.109766e+00 4.992324e-01 -7.373167e-01 
-1.199715e+01 -2.039092e+00 5.003941e-01 -6.416462e-01 
-1.000130e+01 -1.964985e+00 5.006270e-01 -5.461989e-01 
-8.002160e+00 -1.883433e+00 5.004579e-01 -4.505752e-01 
-6.004960e+00 -1.785680e+00 5.001150e-01 -3.550290e-01 
-4.003080e+00 -1.650842e+00 4.984952e-01 -2.592475e-01 
-1.992885e+00 -1.397142e+00 4.993900e-01 -1.630603e-01 
1.806265e-03 7.549849e-02 5.014580e-01 -6.761118e-02 
1.995485e+00 1.404439e+00 5.003154e-01 2.778950e-02 
3.999285e+00 1.645833e+00 5.006233e-01 1.236707e-01 
5.990505e+00 1.777898e+00 4.998700e-01 2.189423e-01 
8.000325e+00 1.874395e+00 4.985884e-01 3.150922e-01 
1.000183e+01 1.956344e+00 4.994787e-01 4.108291e-01 
1.200450e+01 2.030629e+00 5.003165e-01 5.066024e-01 
1.399930e+01 2.100962e+00 5.002001e-01 6.019765e-01 
1.600290e+01 2.169217e+00 4.996877e-01 6.977445e-01 
1.800180e+01 2.237045e+00 4.998813e-01 7.932572e-01 
2.000385e+01 2.307884e+00 1.665751e-01 8.888860e-01 
3.000840e+01 2.613853e+00 1.000418e-01 1.366108e+00 
3.999550e+01 2.921049e+00 1.000435e-01 1.841073e+00 
4.999970e+01 3.230320e+00 1.000008e-01 2.314960e+00 
5.999535e+01 3.543679e+00 1.000265e-01 2.786095e+00 
6.999440e+01 3.862243e+00 9.999550e-02 3.254599e+00 
7.999625e+01 4.184327e+00 9.995252e-02 3.720007e+00 
9.000390e+01 4.509707e+00 9.999025e-02 4.182037e+00 
9.999820e+01 4.830929e+00 1.000145e-01 4.639407e+00 
1.100010e+02 5.143239e+00 9.997601e-02 5.092735e+00 
1.200030e+02 5.526896e+00 9.998500e-02 5.541230e+00 
1.300040e+02 5.863023e+00 1.000175e-01 5.984538e+00 
1.399995e+02 6.202083e+00 9.999750e-02 6.422139e+00 
1.500045e+02 6.540771e+00 1.000025e-01 6.854382e+00 
1.599990e+02 6.879129e+00 1.000275e-01 7.280121e+00 
1.699990e+02 7.215125e+00 9.998750e-02 7.699778e+00 
1.800015e+02 7.540439e+00 1.000100e-01 8.112978e+00 
1.899970e+02 7.895847e+00 9.999500e-02 8.519109e+00 
2.000025e+02 8.230105e+00 3.333306e-02 8.918652e+00 
2.499975e+02 9.879413e+00 2.000060e-02 1.080794e+01 
2.999995e+02 1.143035e+01 1.999930e-02 1.250882e+01 
3.500010e+02 1.290965e+01 1.999940e-02 1.402119e+01 
4.000025e+02 1.431441e+01 2.000110e-02 1.535365e+01 
4.499955e+02 1.560350e+01 2.000070e-02 1.652025e+01 
4.999990e+02 1.677389e+01 1.999940e-02 1.753850e+01 
5.499985e+02 1.783176e+01 1.999760e-02 1.842598e+01 
6.000110e+02 1.878368e+01 1.999950e-02 1.920031e+01 
6.500010e+02 1.961353e+01 2.000300e-02 1.987694e+01 
6.999960e+02 2.033252e+01 1.999970e-02 2.047047e+01 
7.500025e+02 2.095728e+01 2.000110e-02 2.099323e+01 
7.999905e+02 2.149020e+01 1.999950e-02 2.145541e+01 
8.500050e+02 2.195451e+01 1.999900e-02 2.186629e+01 
8.999955e+02 2.235211e+01 2.000180e-02 2.223291e+01 
9.499960e+02 2.270000e+01 1.999910e-02 2.256182e+01 
1.000000e+03 2.299597e+01 1.904746e-03 2.285819e+01 
2.000005e+03 2.564337e+01 9.999925e-04 2.563353e+01 
3.000015e+03 2.647936e+01 9.999975e-04 2.649173e+01 
4.000010e+03 2.685873e+01 1.000003e-03 2.686999e+01 
5.000010e+03 2.704549e+01 1.000005e-03 2.705628e+01 
6.000000e+03 2.710720e+01 1.000005e-03 2.714658e+01 
7.000000e+03 2.714367e+01 9.999925e-04 2.718203e+01 
8.000015e+03 2.716200e+01 1.000013e-03 2.718320e+01 
8.999975e+03 2.714645e+01 1.000053e-03 2.716152e+01 
9.999910e+03 2.711516e+01 1.000013e-03 2.712384e+01 
1.099995e+04 2.707188e+01 9.999550e-04 2.707452e+01 
1.200000e+04 2.702735e+01 9.999750e-04 2.701647e+01 
1.300000e+04 2.698263e+01 1.000000e-03 2.695172e+01 
1.400000e+04 2.690998e+01 1.000000e-03 2.688169e+01 
1.500000e+04 2.687092e+01 1.000000e-03 2.680744e+01 
1.600000e+04 2.679203e+01 1.000000e-03 2.672977e+01 
1.700000e+04 2.666689e+01 1.000000e-03 2.664927e+01 
1.800000e+04 2.654578e+01 1.000000e-03 2.656641e+01 
1.900000e+04 2.641574e+01 1.000000e-03 2.648158e+01 
