script internal name (ver:210707): multilognorlanglmfit
data-filename:F4
this-filename:fits/F4.fit.04
[[Definition parameters]]
ndist: 1
weight: sep
[[status]]
Fit succeeded.
[[Fit Statistics]]
    # fitting method   = leastsq
    # function evals   = 239
    # data points      = 125
    # variables        = 5
    chi-square         = 115647.955
    reduced chi-square = 963.732956
    Akaike info crit   = 863.749031
    Bayesian info crit = 877.890599
[[Variables]]
    N0:    1.5874e+17 +/- 2.4123e+15 (1.52%) (init = 4.297743e+17)
    mu0:   9.60276365 +/- 0.04043001 (0.42%) (init = 7.65)
    sig0:  0.78340430 +/- 0.03549233 (4.53%) (init = 1.596)
    C:    -4.4047e-05 +/- 1.8611e-06 (4.23%) (init = -9.842787e-07)
    T:     300 (fixed)
    dc:   -0.02705012 +/- 0.00512921 (18.96%) (init = -0.01359001)
[[Correlations]] (unreported correlations are < 0.100)
    C(mu0, sig0) = -0.9812
    C(N0, mu0)   = -0.9218
    C(N0, C)     = -0.8339
    C(N0, sig0)  = +0.8297
    C(mu0, C)    = +0.6953
    C(sig0, C)   = -0.5926
[[Derived Parameters]]
    mean-mu      = 20123.1+/-987.4 mb
    stddev       = 18523+/-1801 mb
    <mu>_mu      = 37173+/-3446 mb
    sum squares  = 9.119528e+01
    m_s          = (2.9624+/-0.1522)e+01 (units)
[[data]]
-1.900000e+04 -2.837385e+01 1.000000e-03 -2.846852e+01 
-1.800000e+04 -2.845459e+01 1.000000e-03 -2.849335e+01 
-1.700000e+04 -2.851118e+01 1.000000e-03 -2.851591e+01 
-1.600000e+04 -2.856178e+01 1.000000e-03 -2.853579e+01 
-1.500000e+04 -2.858623e+01 1.000000e-03 -2.855244e+01 
-1.400000e+04 -2.860798e+01 1.000000e-03 -2.856518e+01 
-1.300000e+04 -2.861796e+01 1.000000e-03 -2.857311e+01 
-1.200000e+04 -2.861178e+01 1.000000e-03 -2.857502e+01 
-1.100000e+04 -2.859760e+01 9.999950e-04 -2.856927e+01 
-9.999990e+03 -2.857525e+01 9.999925e-04 -2.855356e+01 
-8.999985e+03 -2.854012e+01 1.000003e-03 -2.852459e+01 
-7.999995e+03 -2.848064e+01 1.000003e-03 -2.847739e+01 
-6.999990e+03 -2.839840e+01 1.000005e-03 -2.840418e+01 
-6.000005e+03 -2.828064e+01 1.000008e-03 -2.829200e+01 
-5.000005e+03 -2.812365e+01 9.999975e-04 -2.811768e+01 
-4.000000e+03 -2.779760e+01 1.000000e-03 -2.783527e+01 
-3.000005e+03 -2.726217e+01 1.000000e-03 -2.733951e+01 
-2.000000e+03 -2.628343e+01 9.999928e-04 -2.632810e+01 
-9.999905e+02 -2.371477e+01 1.904761e-03 -2.348591e+01 
-9.499995e+02 -2.344780e+01 2.000230e-02 -2.321143e+01 
-9.000020e+02 -2.315699e+01 2.000110e-02 -2.291221e+01 
-8.500050e+02 -2.283962e+01 1.999890e-02 -2.258495e+01 
-7.999965e+02 -2.248742e+01 1.999870e-02 -2.222562e+01 
-7.499985e+02 -2.208872e+01 1.999920e-02 -2.182969e+01 
-6.999925e+02 -2.163603e+01 2.000110e-02 -2.139138e+01 
-6.500040e+02 -2.111606e+01 2.000080e-02 -2.090411e+01 
-5.999965e+02 -2.050997e+01 1.999910e-02 -2.035922e+01 
-5.499995e+02 -1.980526e+01 2.000080e-02 -1.974677e+01 
-5.000005e+02 -1.897788e+01 2.000000e-02 -1.905386e+01 
-4.499995e+02 -1.799917e+01 2.000020e-02 -1.826441e+01 
-4.000015e+02 -1.685279e+01 1.999880e-02 -1.735800e+01 
-3.499935e+02 -1.552617e+01 2.000140e-02 -1.630783e+01 
-3.000085e+02 -1.399544e+01 2.000170e-02 -1.507982e+01 
-2.500020e+02 -1.223493e+01 1.999780e-02 -1.362640e+01 
-1.999975e+02 -1.024552e+01 3.333222e-02 -1.188518e+01 
-1.900000e+02 -9.816698e+00 9.999750e-02 -1.149545e+01 
-1.799970e+02 -9.367437e+00 1.000075e-01 -1.108983e+01 
-1.700015e+02 -8.924371e+00 1.001302e-01 -1.066797e+01 
-1.600230e+02 -8.479494e+00 1.000125e-01 -1.022942e+01 
-1.500040e+02 -8.013407e+00 9.988264e-02 -9.770604e+00 
-1.399995e+02 -7.571925e+00 9.999250e-02 -9.292932e+00 
-1.300025e+02 -7.127278e+00 9.996751e-02 -8.795046e+00 
-1.199930e+02 -6.689337e+00 9.997251e-02 -8.274794e+00 
-1.099970e+02 -6.257791e+00 1.000455e-01 -7.732356e+00 
-1.000021e+02 -5.804122e+00 1.000160e-01 -7.165909e+00 
-9.000020e+01 -5.382321e+00 9.998175e-02 -6.573771e+00 
-7.999845e+01 -4.941617e+00 9.998475e-02 -5.955176e+00 
-6.999715e+01 -4.492889e+00 1.000133e-01 -5.309076e+00 
-6.000110e+01 -4.043441e+00 9.998425e-02 -4.634929e+00 
-4.999400e+01 -3.596699e+00 1.000155e-01 -3.931065e+00 
-4.000420e+01 -3.158523e+00 1.000718e-01 -3.199516e+00 
-3.000835e+01 -2.732944e+00 9.998200e-02 -2.439546e+00 
-2.000060e+01 -2.311905e+00 1.664925e-01 -1.653037e+00 
-1.799580e+01 -2.215408e+00 4.998750e-01 -1.492763e+00 
-1.599960e+01 -2.122239e+00 5.012343e-01 -1.332385e+00 
-1.400565e+01 -2.026426e+00 4.995629e-01 -1.171459e+00 
-1.199610e+01 -1.929903e+00 5.004128e-01 -1.008603e+00 
-1.000895e+01 -1.827110e+00 5.005287e-01 -8.469722e-01 
-8.000325e+00 -1.712929e+00 4.989099e-01 -6.830798e-01 
-6.000210e+00 -1.575663e+00 5.002326e-01 -5.194561e-01 
-4.002185e+00 -1.386954e+00 5.004316e-01 -3.556758e-01 
-2.003660e+00 -1.058101e+00 5.000919e-01 -1.916308e-01 
-2.919845e-03 3.967553e-02 4.993502e-01 -2.728998e-02 
2.001545e+00 1.056395e+00 5.000194e-01 1.373569e-01 
3.996925e+00 1.374922e+00 4.995541e-01 3.011441e-01 
6.005115e+00 1.558100e+00 4.992692e-01 4.657576e-01 
8.002780e+00 1.694942e+00 5.007373e-01 6.291802e-01 
9.999225e+00 1.809193e+00 5.004229e-01 7.920796e-01 
1.199940e+01 1.912650e+00 5.005099e-01 9.547706e-01 
1.399515e+01 2.011749e+00 5.000313e-01 1.116509e+00 
1.599915e+01 2.104887e+00 4.997064e-01 1.278249e+00 
1.799750e+01 2.198522e+00 5.000313e-01 1.438799e+00 
1.999890e+01 2.295521e+00 1.666493e-01 1.598802e+00 
2.999875e+01 2.721075e+00 1.000000e-01 2.384703e+00 
3.999890e+01 3.149766e+00 1.000015e-01 3.145020e+00 
4.999845e+01 3.585483e+00 9.998700e-02 3.877284e+00 
6.000150e+01 4.019080e+00 9.997226e-02 4.580856e+00 
7.000400e+01 4.440296e+00 9.965122e-02 5.255428e+00 
8.007150e+01 4.955035e+00 1.000500e-01 5.905692e+00 
8.999400e+01 5.407672e+00 1.003487e-01 6.519296e+00 
1.000020e+02 5.834810e+00 9.992506e-02 7.111803e+00 
1.100090e+02 6.253239e+00 1.000525e-01 7.678921e+00 
1.199915e+02 6.682332e+00 1.000375e-01 8.220614e+00 
1.300015e+02 7.120526e+00 9.998000e-02 8.740894e+00 
1.399955e+02 7.565289e+00 1.000125e-01 9.238637e+00 
1.499990e+02 8.007895e+00 9.996751e-02 9.716270e+00 
1.600020e+02 8.470577e+00 9.999000e-02 1.017438e+01 
1.700010e+02 8.916281e+00 1.000000e-01 1.061385e+01 
1.800020e+02 9.354260e+00 9.998750e-02 1.103593e+01 
1.900035e+02 9.795020e+00 9.998750e-02 1.144149e+01 
2.000045e+02 1.020237e+01 3.333472e-02 1.183135e+01 
2.500010e+02 1.221721e+01 2.000030e-02 1.357227e+01 
3.000030e+02 1.397292e+01 1.999950e-02 1.502558e+01 
3.500035e+02 1.550109e+01 1.999920e-02 1.625396e+01 
4.000070e+02 1.684309e+01 2.000230e-02 1.730401e+01 
4.499920e+02 1.798435e+01 2.000160e-02 1.821019e+01 
4.999990e+02 1.895609e+01 1.999810e-02 1.899974e+01 
5.500015e+02 1.977893e+01 2.000030e-02 1.969270e+01 
5.999975e+02 2.048163e+01 2.000180e-02 2.030513e+01 
6.499925e+02 2.108233e+01 1.999980e-02 2.084989e+01 
6.999985e+02 2.160289e+01 1.999840e-02 2.133733e+01 
7.500005e+02 2.206197e+01 2.000020e-02 2.177560e+01 
7.999975e+02 2.245748e+01 2.000000e-02 2.217153e+01 
8.500005e+02 2.280499e+01 1.999830e-02 2.253082e+01 
9.000060e+02 2.312136e+01 2.000050e-02 2.285813e+01 
9.499980e+02 2.340778e+01 2.000170e-02 2.315732e+01 
9.999975e+02 2.366776e+01 1.904740e-03 2.343185e+01 
2.000010e+03 2.623851e+01 9.999988e-04 2.627401e+01 
3.000000e+03 2.721317e+01 1.000000e-03 2.728540e+01 
4.000010e+03 2.775000e+01 9.999900e-04 2.778117e+01 
5.000020e+03 2.807185e+01 1.000010e-03 2.806358e+01 
5.999990e+03 2.823164e+01 1.000003e-03 2.823790e+01 
7.000015e+03 2.835010e+01 9.999950e-04 2.835008e+01 
8.000000e+03 2.842994e+01 1.000010e-03 2.842329e+01 
8.999995e+03 2.848772e+01 1.000003e-03 2.847049e+01 
9.999995e+03 2.852435e+01 9.999975e-04 2.849946e+01 
1.100000e+04 2.853992e+01 9.999975e-04 2.851517e+01 
1.200000e+04 2.854421e+01 1.000000e-03 2.852092e+01 
1.300000e+04 2.854621e+01 9.999500e-04 2.851901e+01 
1.400010e+04 2.854082e+01 1.000000e-03 2.851108e+01 
1.500000e+04 2.852894e+01 1.000050e-03 2.849834e+01 
1.600000e+04 2.850579e+01 1.000000e-03 2.848169e+01 
1.700000e+04 2.846327e+01 1.000000e-03 2.846181e+01 
1.800000e+04 2.841048e+01 1.000000e-03 2.843925e+01 
1.900000e+04 2.831108e+01 1.000000e-03 2.841442e+01 
